Sun-sky         3428.93  5777.00   4.44   1.00   0.00
BD+062932        103.85  5272.00   4.43   0.06  -0.84
BD+063077         31.19  6136.00   4.95   1.07  -0.36
BD+083095         91.68  5728.00   4.12   0.85  -0.77
BD-002387         68.21  4833.00   4.47   0.85   0.03
BD-010184         64.69  4728.00   4.34   0.40  -0.34
BD-012505        214.31  4741.00   4.51   0.44  -0.11
BD-033746        100.24  4732.00   4.63   0.15  -0.90
BD-034797         69.31  4622.00   4.21   0.30   0.06
BD-044138        102.35  4604.00   4.39   0.38  -0.11
BD-050484         91.93  4674.00   4.42   0.21  -0.39
BD-050578         75.60  5470.00   4.39   0.79   0.09
BD-053176        130.30  4758.00   4.39   0.82  -0.09
BD-053596         86.75  4594.00   4.32   0.27  -0.34
BD-054065         72.32  4895.00   4.41   0.42  -0.29
BD-060904        113.05  5066.00   4.46   0.46  -0.17
BD-063481        184.69  4815.00   4.36   0.41  -0.14
BD-064196         87.49  4688.00   4.30   0.42  -0.03
BD-064756        134.69  4646.00   4.54   0.70  -0.23
BD-082534        275.73  5405.00   4.43   0.41  -0.78
BD-082823        490.84  4816.00   4.43   0.81  -0.06
BD-084501         87.21  6216.00   4.81   2.36  -1.39
BD-090872         62.56  4660.00   4.35   0.77  -0.19
BD-091261        155.46  4717.00   4.69   0.92  -0.75
BD-092670         62.84  4806.00   4.46   0.51  -0.08
BD-094191         84.80  4804.00   4.44   0.63  -0.32
BD-112763        130.49  4911.00   4.44   0.38  -0.26
BD-120327         72.70  4680.00   4.35   0.57  -0.34
BD-123458        153.57  4803.00   4.86   0.43  -0.83
BD-130116        158.89  4615.00   4.33   0.61  -0.49
BD-130321        267.72  4772.00   4.41   0.78   0.02
BD-131161        111.72  5389.00   4.37   0.68   0.09
BD-140184         93.90  4714.00   4.32   0.76  -0.38
BD-145003         59.41  4640.00   4.41   0.35  -0.51
BD-160308        149.58  5183.00   4.48   0.51  -0.41
BD-160931         61.62  4840.00   4.38   0.46  -0.11
BD-170063        240.14  4665.00   4.19   0.57   0.01
BD-173242         79.81  4627.00   4.48   0.31  -0.29
BD-195953         74.97  4775.00   4.51   0.71  -0.14
BD-213153        263.68  4622.00   4.38   0.76  -0.17
BD-223528         86.74  4747.00   4.28   0.63  -0.17
CD-2310879         0.00  6788.00   4.67   1.82  -0.24
CD-436810        164.18  6011.00   4.41   1.09  -0.44
CD-4512460         0.00  5960.00   4.42   0.75  -0.86
CD-452997         84.82  5312.00   4.39   0.24  -0.84
CD-571633        188.32  5975.00   4.46   1.14  -0.85
HD10002          360.72  5313.00   4.40   0.82   0.17
HD100289         159.35  5483.00   4.42   0.70   0.03
HD100508         913.72  5449.00   4.42   0.86   0.39
HD100777         342.53  5536.00   4.33   0.81   0.25
HD101339         200.80  5731.00   4.48   0.88  -0.10
HD101367         126.31  5615.00   4.38   0.91   0.29
HD101581         399.94  4738.00   4.46   0.66  -0.52
HD101612         160.60  6281.00   4.41   1.17  -0.36
HD101644         328.09  5678.00   4.58   0.72  -0.56
HD101650         220.62  4626.00   4.29   0.11  -0.45
HD10166          105.76  5221.00   4.48   0.74  -0.39
HD10180         2857.52  5911.00   4.39   1.11   0.08
HD101930         753.59  5164.00   4.40   0.91   0.13
HD102117         977.48  5657.00   4.31   0.99   0.28
HD102136          81.48  5349.00   4.43   0.75  -0.09
HD102200         240.42  6185.00   4.59   1.52  -1.10
HD102300         150.45  5987.00   4.23   1.14  -0.31
HD102365        3543.38  5629.00   4.44   0.91  -0.29
HD102438        1855.85  5560.00   4.41   0.84  -0.29
HD102843          95.21  5432.00   4.35   0.79   0.16
HD103197         458.54  5250.00   4.45   0.84   0.22
HD103720         290.59  5017.00   4.43   0.90  -0.02
HD103891         519.04  6072.00   4.05   1.50  -0.19
HD103949         237.80  4881.00   4.48   0.49  -0.07
HD104006         553.63  5023.00   4.56   0.15  -0.78
HD104067        1473.42  4969.00   4.47   0.98  -0.06
HD104263         759.22  5477.00   4.34   0.81   0.02
HD104760A        148.73  5953.00   4.43   1.02   0.12
HD104800         634.84  5697.00   4.47   0.87  -0.79
HD104982        1018.93  5692.00   4.44   0.91  -0.19
HD105004         122.79  5756.00   4.33   0.80  -0.81
HD105671         154.85  4748.00   4.42   0.90  -0.02
HD105779         235.29  5792.00   4.51   0.91  -0.25
HD105837         854.34  5907.00   4.54   1.14  -0.51
HD105938         221.21  6208.00   4.27   1.60   0.03
HD106116        1929.03  5680.00   4.39   0.91   0.14
HD106275         498.76  5059.00   4.47   0.67  -0.09
HD106290          93.75  6012.00   4.55   1.03   0.13
HD10647         1116.27  6218.00   4.62   1.22   0.00
HD106589         113.97  5597.00   4.37   0.67  -0.23
HD10700        21460.01  5310.00   4.44   0.55  -0.52
HD107094         409.82  5562.00   4.54   0.74  -0.51
HD107148         367.78  5805.00   4.40   0.93   0.31
HD108063         694.90  6081.00   4.11   1.54   0.55
HD108147         916.78  6260.00   4.47   1.30   0.18
HD108309        1464.11  5775.00   4.23   1.08   0.12
HD108341         107.27  5122.00   4.45   0.64   0.04
HD108564         323.04  4818.00   4.67   0.26  -0.97
HD108768         138.87  5633.00   4.45   0.86   0.14
HD108935         155.04  4724.00   4.30   0.55   0.02
HD10895          141.30  5685.00   4.52   0.78  -0.27
HD109098         166.99  5888.00   4.14   1.24   0.06
HD109200        2888.47  5134.00   4.51   0.68  -0.31
HD109271         402.62  5783.00   4.28   0.97   0.10
HD109310         425.81  5922.00   4.55   1.15  -0.51
HD109368          89.07  4651.00   4.36   0.67  -0.23
HD109409        1853.09  5886.00   4.16   1.24   0.33
HD109423          99.19  5074.00   4.44   0.87  -0.07
HD109684         502.95  5992.00   4.38   1.22  -0.34
HD109723          82.99  5647.00   4.47   0.88  -0.04
HD109988         212.62  5193.00   4.46   0.81   0.14
HD110291          77.50  5480.00   4.38   0.69  -0.02
HD110557         202.46  5267.00   4.36   0.71  -0.06
HD110619         788.50  5613.00   4.51   0.83  -0.41
HD110668         106.33  5850.00   4.45   0.98   0.17
HD111031        1206.76  5801.00   4.39   1.05   0.27
HD111232         702.55  5460.00   4.43   0.62  -0.43
HD111515         536.26  5398.00   4.47   0.71  -0.61
HD111564         338.02  6004.00   4.37   1.13   0.07
HD111777         287.20  5666.00   4.46   0.82  -0.68
HD112100         118.99  5081.00   4.44   0.50  -0.16
HD11226         1286.66  6098.00   4.35   1.28   0.04
HD112283         103.90  6433.00   4.84   1.86  -0.13
HD112540         263.54  5523.00   4.52   0.74  -0.17
HD113101          92.73  5456.00   4.37   0.66  -0.07
HD113513          62.97  5751.00   4.54   0.94   0.17
HD113569         161.57  4994.00   4.41   0.41  -0.22
HD113679         167.77  5768.00   4.26   1.08  -0.61
HD11397          713.79  5564.00   4.46   0.75  -0.54
HD114076         462.38  5069.00   4.32   0.04  -0.47
HD114386         448.36  4910.00   4.39   0.19  -0.07
HD114561         152.53  5829.00   4.50   0.88  -0.07
HD114613        5347.94  5729.00   3.97   1.18   0.19
HD114729        1060.98  5844.00   4.19   1.23  -0.28
HD114747         885.23  5172.00   4.44   0.98   0.21
HD114783         799.54  5133.00   4.42   0.88   0.03
HD114853        1261.54  5705.00   4.44   0.92  -0.23
HD11505          755.22  5752.00   4.38   0.99  -0.22
HD115341         128.55  6058.00   4.55   1.10  -0.01
HD115499          42.78  5542.00   4.45   0.95   0.07
HD115585         700.22  5711.00   4.27   1.14   0.35
HD115617        7192.20  5558.00   4.36   0.81  -0.02
HD115674         853.58  5649.00   4.48   0.85  -0.17
HD115773         337.27  6312.00   4.23   1.57  -0.08
HD115902         100.79  5705.00   4.39   0.86  -0.01
HD11608          134.14  4959.00   4.32   0.56   0.22
HD116259         197.50  5700.00   4.21   0.99   0.11
HD116284         144.83  5213.00   3.87   0.83  -0.01
HD116410         182.35  5939.00   4.43   1.07   0.23
HD11683           54.62  5007.00   4.42   0.60  -0.21
HD116858         250.15  4990.00   4.52   0.77  -0.21
HD116883         126.84  4902.00   4.36   0.52  -0.20
HD116920         320.24  5015.00   4.46   0.68  -0.23
HD116963         101.74  4735.00   4.43   0.51  -0.06
HD1171           118.71  5293.00   4.47   0.48  -0.53
HD117105         843.81  5889.00   4.41   1.13  -0.29
HD117207         833.66  5667.00   4.32   1.01   0.22
HD117359         139.16  5246.00   4.43   0.68  -0.13
HD117618         680.07  5990.00   4.41   1.13   0.03
HD117938          83.63  4738.00   4.27   0.36  -0.13
HD118466         107.95  5049.00   4.34   0.49   0.20
HD118563         101.29  5477.00   4.45   0.68  -0.04
HD119173         585.96  5779.00   4.26   0.52  -0.62
HD119291         271.32  4611.00   4.22   0.59  -0.10
HD11938          221.58  4703.00   4.25   0.76   0.01
HD119503         105.21  4885.00   4.40   0.83  -0.04
HD119629         208.01  6250.00   4.17   1.73  -0.17
HD119638        1489.37  6069.00   4.42   1.22  -0.15
HD11964A        2240.54  5332.00   3.90   0.99   0.08
HD119782         480.01  5160.00   4.44   0.79  -0.07
HD119949        1009.41  6359.00   4.47   1.65  -0.41
HD120344         171.46  5623.00   4.42   0.65  -0.19
HD120362          37.65  5517.00   4.51   1.05   0.10
HD120491          77.04  4680.00   4.49   0.40  -0.34
HD121004         155.18  5687.00   4.48   0.76  -0.71
HD121504         555.67  6022.00   4.49   1.12   0.14
HD122308          99.72  5253.00   4.44   0.59  -0.32
HD122474         121.93  5716.00   4.37   0.88   0.13
HD122862        1382.41  5982.00   4.23   1.29  -0.12
HD123265         510.43  5338.00   4.29   0.85   0.19
HD123319         206.62  5619.00   4.56   0.67  -0.52
HD12345          486.48  5395.00   4.44   0.69  -0.21
HD123517         191.70  6082.00   4.08   1.53   0.09
HD123619         118.54  6166.00   4.45   1.38  -0.32
HD123651         105.14  5926.00   4.55   1.05  -0.48
HD1237           343.34  5514.00   4.50   1.09   0.07
HD12387          943.07  5700.00   4.39   0.93  -0.24
HD124106         316.28  5106.00   4.49   0.80  -0.17
HD124292        1038.87  5443.00   4.37   0.77  -0.13
HD124364         558.55  5584.00   4.48   0.83  -0.27
HD124785         347.31  5867.00   4.20   1.29  -0.56
HD125072        1289.44  5007.00   4.56   1.04   0.18
HD125184        2421.08  5680.00   4.10   1.13   0.27
HD125271          49.83  4779.00   4.33   0.36  -0.22
HD125455         776.79  5162.00   4.52   0.70  -0.18
HD125522          83.20  4839.00   4.45   0.40  -0.46
HD125595         784.45  4691.00   4.17   0.32   0.08
HD125612         482.35  5913.00   4.43   1.02   0.24
HD125881         862.63  6036.00   4.49   1.10   0.06
HD12617          329.58  4890.00   4.46   0.75   0.10
HD126525        1096.00  5638.00   4.37   0.90  -0.10
HD126681         288.26  5570.00   4.70   0.82  -1.15
HD126793         900.27  5904.00   4.43   1.22  -0.71
HD126803         165.93  5470.00   4.48   0.56  -0.61
HD126829         162.46  4726.00   4.51   0.82  -0.14
HD127124         221.36  5079.00   4.43   0.82  -0.04
HD128113          88.99  4922.00   4.28   0.35  -0.17
HD128340         172.68  6259.00   4.64   1.42  -0.55
HD128431          94.96  5429.00   4.43   0.61  -0.34
HD128571          80.85  6159.00   4.40   1.23  -0.37
HD128674         939.32  5551.00   4.50   0.71  -0.38
HD129191         238.94  5832.00   4.39   0.99   0.24
HD129229         441.31  5872.00   3.89   1.37  -0.42
HD129642         955.99  5026.00   4.49   0.69  -0.06
HD129829          86.60  6196.00   4.66   1.30  -0.16
HD130322         307.16  5365.00   4.37   0.90  -0.02
HD13060          643.16  5255.00   4.34   0.82   0.02
HD130930         474.14  5027.00   4.45   0.50   0.01
HD130989         235.01  6414.00   4.27   1.85  -0.23
HD130992         767.06  4898.00   4.54   0.71  -0.13
HD131183         242.52  5670.00   4.24   0.97   0.09
HD131218          55.56  5797.00   4.55   0.96  -0.06
HD131565         101.81  5612.00   4.47   0.72  -0.16
HD131653         180.54  5324.00   4.54   0.35  -0.66
HD131664         380.46  5901.00   4.50   1.04   0.31
HD1320           468.56  5679.00   4.49   0.85  -0.27
HD132411         105.61  4673.00   4.32   0.31  -0.29
HD13252           51.52  5358.00   4.33   0.59  -0.25
HD132569         326.63  5026.00   4.49   0.59  -0.26
HD132648         835.73  5418.00   4.49   0.69  -0.37
HD133633         268.51  5571.00   4.48   0.69  -0.45
HD134060        3090.78  5966.00   4.43   1.10   0.14
HD134088         638.84  5675.00   4.46   0.86  -0.75
HD134113         562.18  5782.00   4.25   1.27  -0.74
HD134440         292.51  4987.00   4.80   1.03  -1.32
HD134606        2373.68  5633.00   4.38   1.00   0.27
HD134664         930.68  5865.00   4.52   0.99   0.10
HD134702         134.32  5782.00   4.50   0.74  -0.04
HD134929B        172.61  5330.00   4.36   0.79   0.07
HD134985         316.49  5090.00   4.44   0.10  -0.60
HD134987        1261.11  5740.00   4.30   1.08   0.25
HD135468         362.42  6417.00   4.25   1.82  -0.02
HD135625         435.20  6003.00   4.32   1.16   0.12
HD13578          205.15  5842.00   4.18   1.12  -0.03
HD136352        4738.34  5664.00   4.39   0.90  -0.34
HD136713        1017.74  4994.00   4.45   0.94   0.07
HD136894        1220.60  5412.00   4.36   0.75  -0.10
HD137010         147.59  4797.00   4.41   0.48  -0.22
HD13724          810.23  5868.00   4.52   1.02   0.23
HD137303         420.78  4756.00   4.51   0.40  -0.35
HD137388         733.98  5240.00   4.42   0.93   0.18
HD137676        1252.07  5253.00   3.93   0.74  -0.53
HD13789          403.27  4740.00   4.33   0.79  -0.06
HD13808         1540.13  5087.00   4.40   0.77  -0.20
HD138549         707.89  5582.00   4.44   0.87   0.00
HD138799         105.44  5224.00   4.36   0.71   0.02
HD1388          2251.09  5954.00   4.41   1.13  -0.01
HD138914         138.87  4983.00   4.38   0.66  -0.12
HD139189         221.33  5075.00   4.41   0.78   0.02
HD139332         166.47  4899.00   4.30   0.04   0.00
HD139536         131.70  5209.00   4.71   1.13  -0.04
HD139590         263.00  6200.00   4.49   1.31   0.13
HD139710          97.78  5123.00   4.41   0.90  -0.08
HD139879         168.96  6203.00   4.61   1.25   0.30
HD140785         159.72  5756.00   4.12   1.09  -0.05
HD140901        1501.03  5610.00   4.46   0.90   0.09
HD141128         104.76  6758.00   4.67   1.65   0.07
HD141597         197.71  6285.00   4.38   1.23  -0.40
HD141598         181.14  5593.00   4.37   0.75  -0.10
HD141624         268.34  5871.00   4.40   1.01  -0.38
HD141937         495.23  5893.00   4.45   1.00   0.13
HD142            679.22  6403.00   4.62   1.74   0.09
HD142022A        292.15  5508.00   4.35   0.83   0.19
HD142709         524.80  4728.00   4.44   0.84  -0.35
HD142879          92.83  5707.00   4.51   0.74  -0.39
HD143114         863.50  5775.00   4.39   0.92  -0.41
HD143295         114.78  4987.00   4.43   0.89  -0.03
HD143638         280.01  5954.00   4.48   1.04  -0.27
HD14374          510.61  5425.00   4.48   0.81  -0.04
HD143790         639.16  6557.00   4.11   2.05  -0.06
HD144342         176.09  5403.00   4.47   0.90   0.07
HD144411         271.04  4852.00   4.39   0.05  -0.32
HD144497         147.30  5022.00   4.50   0.82  -0.12
HD14452           78.93  5313.00   4.50   0.85  -0.16
HD144585        2300.45  5914.00   4.35   1.15   0.33
HD144589         352.98  6372.00   4.28   1.72  -0.05
HD144628        1600.26  5085.00   4.51   0.55  -0.41
HD144846         124.02  6102.00   4.52   1.11   0.13
HD144880         177.04  6152.00   4.38   1.33  -0.30
HD145344         334.30  6143.00   4.39   1.48  -0.68
HD145377         621.34  6054.00   4.53   1.11   0.12
HD145417        1003.66  5006.00   4.82   0.65  -1.23
HD145598         796.81  5417.00   4.48   0.59  -0.78
HD145666         724.65  5958.00   4.53   1.04  -0.04
HD145809         835.42  5778.00   4.15   1.14  -0.25
HD145927         123.77  5819.00   4.41   0.93  -0.03
HD1461          3819.16  5765.00   4.38   0.97   0.19
HD146233        8604.10  5818.00   4.45   1.00   0.04
HD14635          114.95  4806.00   4.45   0.78  -0.03
HD14680          146.89  5011.00   4.46   0.69  -0.17
HD147147          36.38  4856.00   4.51   0.71  -0.17
HD147195         133.62  5557.00   4.48   0.68  -0.05
HD14744          147.21  4923.00   4.45   0.44  -0.13
HD14745          220.09  6290.00   4.72   1.46  -0.14
HD14747          558.32  5516.00   4.43   0.72  -0.39
HD147512        1076.83  5530.00   4.40   0.81  -0.08
HD147513        1035.82  5858.00   4.50   1.03   0.03
HD147518         342.16  5626.00   4.40   0.67  -0.63
HD148156         431.65  6251.00   4.51   1.36   0.25
HD148211        1004.36  5948.00   4.36   1.40  -0.62
HD148303         652.83  4958.00   4.55   0.84  -0.03
HD148577         231.86  5713.00   4.29   0.95  -0.09
HD14868           78.12  5864.00   4.44   0.90   0.02
HD148816         925.93  5908.00   4.39   1.36  -0.71
HD149200         212.24  6416.00   4.64   1.74   0.15
HD149396         532.62  5657.00   4.47   0.91   0.19
HD149724         156.98  5747.00   4.24   1.08   0.37
HD149747         144.30  5823.00   3.95   1.28  -0.34
HD150139         267.72  5968.00   4.29   1.29  -0.51
HD150177        1389.44  6216.00   4.18   1.76  -0.58
HD150433        1589.13  5665.00   4.43   0.88  -0.36
HD150437         177.02  5826.00   4.29   1.09   0.30
HD150474         391.64  5425.00   4.01   0.96   0.01
HD151504         604.20  5457.00   4.36   0.87   0.06
HD151692         120.19  4737.00   4.40   0.55  -0.07
HD151772         243.54  6631.00   4.81   2.27  -0.36
HD151933         133.28  5849.00   4.29   1.03  -0.21
HD152433         122.83  6144.00   4.49   1.19  -0.10
HD152533         185.46  4822.00   4.36   0.40  -0.04
HD153276         101.28  6000.00   4.48   1.12   0.04
HD15337          626.68  5179.00   4.39   0.70   0.06
HD153851         319.82  5052.00   4.50   0.91  -0.25
HD153950         492.62  6074.00   4.39   1.23  -0.01
HD154088        3026.02  5374.00   4.37   0.85   0.28
HD154195A        193.53  5961.00   4.48   1.01  -0.19
HD154363         764.32  4723.00   4.41   0.52  -0.62
HD154387         139.86  4719.00   4.50   0.08  -0.25
HD154577        2540.59  4900.00   4.52   0.42  -0.70
HD154962        1246.60  5827.00   4.17   1.22   0.32
HD155717          80.30  4949.00   4.48   0.76  -0.13
HD155968         100.86  5790.00   4.42   0.92   0.16
HD156079         416.70  5892.00   4.24   1.16   0.28
HD156098         845.58  6517.00   4.20   2.06   0.18
HD15612          255.39  5256.00   4.49   0.87  -0.11
HD156411         594.43  5910.00   3.99   1.31  -0.11
HD156423         133.43  5184.00   4.46   0.21  -0.43
HD156517          64.48  5013.00   4.45   0.81   0.03
HD156991         138.50  5934.00   4.57   0.99  -0.07
HD157172        1471.02  5451.00   4.39   0.77   0.11
HD157338        1155.71  6027.00   4.44   1.17  -0.08
HD157347        1268.82  5676.00   4.38   0.91   0.02
HD157668         100.97  5195.00   4.49   0.65  -0.23
HD157830        1183.28  5540.00   4.49   0.76  -0.25
HD1581         11264.79  5977.00   4.51   1.12  -0.18
HD15906          127.07  4884.00   4.49   0.65  -0.01
HD159868         513.81  5558.00   3.96   1.02  -0.08
HD16008          139.07  5712.00   4.42   0.78  -0.09
HD160089         165.63  6312.00   4.78   1.60   0.11
HD160691        8961.45  5780.00   4.27   1.09   0.30
HD160836         208.54  4791.00   4.49   0.92  -0.16
HD161098        1477.07  5560.00   4.46   0.79  -0.27
HD161256         227.68  5652.00   4.27   0.93   0.14
HD16141          427.00  5806.00   4.19   1.11   0.16
HD161555         217.35  5850.00   4.15   1.23   0.12
HD161566         590.72  6230.00   4.20   1.67  -0.28
HD161612        1212.67  5616.00   4.45   0.88   0.16
HD162020         145.63  4861.00   4.48   0.79  -0.10
HD162236         445.01  5343.00   4.43   0.82  -0.12
HD162396        1595.42  6090.00   4.27   1.43  -0.35
HD16270          157.20  4786.00   4.39   0.84   0.06
HD16280          315.15  4754.00   4.39   0.56  -0.19
HD16297          429.65  5422.00   4.47   0.80  -0.01
HD163102         135.79  6433.00   4.64   1.94   0.00
HD163436         168.52  5030.00   4.43   0.45  -0.07
HD16382          144.55  5953.00   4.50   1.04   0.03
HD16417         3419.86  5841.00   4.16   1.18   0.13
HD165131         276.11  5870.00   4.45   0.99   0.06
HD16536           61.25  5282.00   4.39   0.70  -0.08
HD16548          377.01  5690.00   3.96   1.15   0.15
HD165920         632.79  5339.00   4.39   0.79   0.29
HD166724         613.33  5127.00   4.43   0.79  -0.09
HD166745         140.75  5621.00   4.31   0.98   0.25
HD16714          635.73  5518.00   4.42   0.76  -0.20
HD167300         224.20  5837.00   4.30   1.05  -0.45
HD167359         213.53  5348.00   4.46   0.67  -0.19
HD167677         274.53  5474.00   4.43   0.65  -0.29
HD16784          205.91  5837.00   4.34   1.14  -0.65
HD168159         141.52  4783.00   4.42   0.99  -0.15
HD168746         401.97  5568.00   4.33   0.81  -0.10
HD168769         172.15  5361.00   4.45   0.87  -0.01
HD168863         266.80  4905.00   4.40   0.56   0.16
HD168870         212.88  5325.00   4.43   0.67  -0.32
HD168871        1741.99  5983.00   4.42   1.17  -0.09
HD16905          175.29  4867.00   4.35   0.51   0.15
HD169830        1688.32  6361.00   4.21   1.56   0.18
HD170493         559.08  4751.00   4.24   0.59   0.14
HD17051          557.42  6227.00   4.53   1.29   0.19
HD170958         126.38  5599.00   4.83   1.38  -0.04
HD171028         784.83  5671.00   3.84   1.24  -0.48
HD171587         730.63  5412.00   4.59   0.76  -0.64
HD171665         640.54  5655.00   4.41   0.89  -0.05
HD171825          61.78  4908.00   4.48   0.39  -0.12
HD171942         159.45  5615.00   4.42   0.72  -0.10
HD171990        1321.53  6045.00   4.14   1.40   0.06
HD172513         989.27  5500.00   4.41   0.79  -0.05
HD172568         433.04  5728.00   4.58   0.78  -0.37
HD172643         121.43  5645.00   4.50   0.73  -0.15
HD173885         280.84  6264.00   4.37   1.61  -0.20
HD174153         197.01  6196.00   4.49   1.34  -0.08
HD17439          249.00  5721.00   4.44   0.87   0.08
HD174545         485.02  5216.00   4.40   0.88   0.22
HD175179         152.80  5764.00   4.46   0.88  -0.66
HD17548          765.69  6011.00   4.44   1.18  -0.53
HD175607         864.96  5392.00   4.51   0.60  -0.62
HD176157         207.04  5181.00   4.41   0.92  -0.16
HD176354         601.86  5271.00   3.84   1.07   0.27
HD176535         172.54  4727.00   4.36   0.54  -0.15
HD176666         138.96  6103.00   4.63   1.18  -0.37
HD176986        1171.75  5018.00   4.45   0.82   0.00
HD177033          93.23  4918.00   4.50   0.45  -0.13
HD177122         187.06  6021.00   4.52   1.03  -0.10
HD177409         671.63  5898.00   4.49   0.99  -0.04
HD177565        1467.75  5627.00   4.39   0.91   0.08
HD177758         696.38  5862.00   4.41   1.11  -0.58
HD17865          861.99  5877.00   4.32   1.16  -0.57
HD178904         171.81  5727.00   4.41   0.98   0.09
HD179346         168.97  6229.00   4.76   1.35  -0.03
HD17970          519.30  5040.00   4.39   0.29  -0.45
HD179949         521.16  6287.00   4.54   1.36   0.21
HD18001          258.51  5772.00   4.44   0.80  -0.07
HD180409         773.27  6013.00   4.52   1.16  -0.17
HD18083           91.92  6144.00   4.70   1.33   0.03
HD181249          81.01  4906.00   4.25   0.24  -0.13
HD181428         254.61  6151.00   4.45   1.29   0.06
HD181433        1465.92  4962.00   4.37   0.65   0.33
HD181720         911.76  5792.00   4.25   1.16  -0.53
HD183658         722.94  5803.00   4.40   1.00   0.03
HD183783         405.88  4595.00   4.29   0.05  -0.20
HD18386          454.53  5457.00   4.39   0.92   0.14
HD183870         198.57  5029.00   4.49   0.78  -0.07
HD185283         282.41  4848.00   4.37   0.27  -0.06
HD185615         633.97  5570.00   4.34   0.84   0.08
HD186061          93.61  5016.00   4.51   0.62  -0.02
HD186302          99.51  5662.00   4.44   0.78  -0.03
HD18719          418.32  5241.00   4.41   0.92  -0.08
HD187456         397.89  4832.00   4.33   0.56   0.02
HD187760          73.20  4618.00   4.45   0.23  -0.32
HD18777           92.64  5058.00   4.39   0.57   0.01
HD188091         106.60  5120.00   4.32   0.87   0.08
HD18822           75.61  5272.00   4.43   0.87  -0.07
HD18838           71.24  5500.00   4.48   0.64  -0.17
HD188559         638.65  4786.00   4.33   0.65  -0.11
HD188748         584.16  5623.00   4.43   0.83  -0.12
HD188815         659.08  6217.00   4.34   1.31  -0.53
HD189004          79.62  5094.00   4.36   0.67  -0.07
HD189242         172.12  4913.00   4.46   0.56  -0.38
HD189567        4101.40  5726.00   4.41   0.95  -0.24
HD189625         861.74  5846.00   4.43   1.03   0.18
HD189987         167.71  4746.00   4.25   0.09  -0.06
HD190204          93.42  5476.00   4.63   1.14  -0.02
HD190248       12480.22  5604.00   4.26   0.99   0.33
HD19034          471.25  5477.00   4.40   0.69  -0.48
HD190524         165.82  5825.00   4.50   0.85  -0.13
HD190613         144.60  5776.00   4.33   0.95   0.00
HD190647         271.92  5639.00   4.18   0.99   0.23
HD190954         415.92  5430.00   4.46   0.63  -0.41
HD190984         713.72  6007.00   4.02   1.58  -0.49
HD191033         154.96  6206.00   4.47   1.35  -0.19
HD191285         228.54  4634.00   4.41   0.38  -0.28
HD191797         305.15  5061.00   4.50   0.86  -0.06
HD191847         104.25  5066.00   4.45   0.48  -0.12
HD191902          58.92  4691.00   4.25   0.31  -0.18
HD192031         383.25  5215.00   4.39   0.04  -0.84
HD192117         124.84  5479.00   4.48   0.75  -0.04
HD19230          264.93  5254.00   4.63   0.46  -0.57
HD192310        6629.42  5166.00   4.51   0.97  -0.04
HD192865         233.15  6307.00   4.44   1.59   0.13
HD192961         374.71  4624.00   4.31   0.58  -0.35
HD193193        1105.07  5979.00   4.40   1.15  -0.05
HD193406         134.67  4728.00   4.50   0.54  -0.34
HD193844         185.06  5007.00   4.44   0.48  -0.30
HD193901         121.97  5611.00   4.41   0.54  -1.07
HD19423          164.99  5752.00   4.23   0.96  -0.09
HD19467          907.82  5720.00   4.31   0.96  -0.14
HD194717          53.56  5247.00   4.26   0.33  -0.28
HD195145         261.19  5625.00   4.41   0.82   0.17
HD195200         104.93  6201.00   4.44   1.25  -0.08
HD195302         142.60  5063.00   4.44   0.64   0.02
HD195564        1672.84  5676.00   4.03   1.11   0.06
HD195633         179.40  6154.00   4.25   1.47  -0.51
HD196050        1055.86  5917.00   4.32   1.21   0.23
HD196384         188.46  6611.00   4.79   1.78  -0.13
HD196397         107.41  5378.00   4.33   0.68   0.29
HD19641          392.61  5806.00   4.39   0.94  -0.01
HD196761         968.96  5415.00   4.43   0.76  -0.31
HD196800         566.05  6010.00   4.37   1.17   0.19
HD196892         135.15  6072.00   4.50   1.21  -0.89
HD197083         448.71  5735.00   4.50   0.90  -0.45
HD197197         438.02  5812.00   4.20   1.25  -0.46
HD197210         640.67  5577.00   4.42   0.86  -0.03
HD197300          94.01  6022.00   4.69   1.21   0.02
HD197536         187.51  6105.00   4.39   1.34  -0.41
HD197823         634.02  5396.00   4.41   0.82   0.12
HD1979           196.44  5626.00   4.52   0.74  -0.09
HD197921         114.07  4913.00   4.36   0.34   0.13
HD198075         346.78  5846.00   4.56   0.95  -0.24
HD199086         159.35  6149.00   4.65   1.21   0.18
HD199190        1115.00  5926.00   4.26   1.14   0.15
HD199288        1137.47  5746.00   4.46   0.93  -0.63
HD199289         593.80  5928.00   4.64   1.30  -0.98
HD199604         568.41  5817.00   4.34   1.04  -0.62
HD199847         187.98  5763.00   4.22   1.04  -0.54
HD199868         166.01  6152.00   4.45   1.26  -0.13
HD199933         117.79  4730.00   4.32   0.64  -0.15
HD19994         2069.71  6289.00   4.48   1.72   0.24
HD199960        1694.01  5973.00   4.39   1.13   0.28
HD20003         1233.64  5494.00   4.41   0.83   0.04
HD200083         203.73  4828.00   4.42   0.42  -0.09
HD200143         299.63  5112.00   4.46   0.96   0.02
HD200349         269.55  4844.00   4.50   0.59  -0.26
HD200505          61.42  5052.00   4.47   0.73  -0.45
HD200538         456.26  6042.00   4.38   1.22   0.10
HD200633          73.81  5853.00   4.51   1.01   0.05
HD201161          59.77  4884.00   4.36   0.63  -0.04
HD2014            93.09  5054.00   4.37   0.64  -0.07
HD201422          71.76  5841.00   4.63   0.98  -0.16
HD201496         150.89  5974.00   4.44   1.12  -0.04
HD202206        1092.61  5757.00   4.47   1.01   0.29
HD202209         112.83  6009.00   4.68   1.19  -0.01
HD202389         163.09  4732.00   4.43   0.49  -0.25
HD2025           408.30  4939.00   4.58   0.61  -0.35
HD202605         274.66  5658.00   4.49   1.02   0.18
HD202819          71.68  4737.00   4.40   0.59  -0.26
HD202871         391.25  6055.00   4.54   1.04  -0.09
HD203335         153.50  6306.00   4.56   1.44  -0.04
HD203384         464.85  5586.00   4.40   0.90   0.26
HD203413         192.05  4812.00   4.39   0.74   0.01
HD203432        1052.33  5645.00   4.39   0.98   0.29
HD203771          89.64  4963.00   4.43   0.50   0.13
HD203850         320.40  4879.00   4.51   0.36  -0.68
HD203897         171.73  5184.00   4.42   0.65  -0.18
HD20407          654.56  5866.00   4.50   1.09  -0.44
HD204287         287.04  5743.00   4.15   1.10  -0.04
HD204313        1275.38  5776.00   4.38   1.00   0.18
HD204385         762.26  6033.00   4.44   1.15   0.07
HD20492          180.92  4770.00   4.30   0.59   0.02
HD204941         760.91  5056.00   4.48   0.71  -0.19
HD205294         533.71  6370.00   4.30   1.71  -0.25
HD205536         926.52  5442.00   4.38   0.77  -0.05
HD205591         316.40  6575.00   4.75   1.85  -0.08
HD206116          70.04  6231.00   4.57   1.36   0.24
HD206163         133.12  5519.00   4.43   0.94   0.01
HD206172         359.19  5608.00   4.49   0.77  -0.24
HD20619         1188.60  5703.00   4.51   0.92  -0.22
HD206630         108.15  4853.00   4.48   0.06  -0.41
HD206998         560.76  5822.00   4.24   1.13  -0.69
HD2071           593.29  5719.00   4.47   0.95  -0.09
HD207129        3484.89  5937.00   4.49   1.06   0.00
HD207190         312.85  6178.00   4.33   1.51  -0.42
HD207583         174.31  5534.00   4.46   0.99   0.01
HD207699          70.94  4874.00   4.36   0.63  -0.12
HD207700         601.37  5666.00   4.29   0.98   0.04
HD20781         1270.79  5256.00   4.37   0.78  -0.11
HD20782         1352.77  5774.00   4.37   1.00  -0.06
HD207832         264.81  5718.00   4.45   0.86   0.15
HD207869         468.94  5527.00   4.50   0.73  -0.45
HD20794        16764.12  5401.00   4.40   0.67  -0.40
HD207970         486.98  5556.00   4.38   0.80   0.07
HD208            528.22  5914.00   4.47   1.05  -0.31
HD208068         216.95  6007.00   4.64   1.17  -0.38
HD20807         2773.35  5866.00   4.52   1.04  -0.23
HD208272         716.67  5199.00   4.42   0.99  -0.08
HD208487         893.87  6146.00   4.48   1.24   0.08
HD20852          467.54  6813.00   4.76   2.34  -0.35
HD208573         131.54  4910.00   4.41   0.86   0.00
HD208672          73.23  5986.00   4.61   1.07   0.13
HD20868          326.84  4802.00   4.26   0.55   0.05
HD208704         809.96  5826.00   4.38   1.04  -0.09
HD209100        4389.40  4754.00   4.45   0.68  -0.20
HD209449         278.26  5854.00   4.16   1.19   0.41
HD209458         340.34  6118.00   4.50   1.21   0.03
HD209566         176.78  5500.00   4.38   0.75   0.12
HD209742         409.54  5137.00   4.49   0.79  -0.16
HD21019         1218.99  5468.00   3.93   1.05  -0.45
HD210272         178.95  5713.00   4.13   1.16  -0.22
HD210277         962.48  5505.00   4.30   0.86   0.18
HD210320          74.09  5597.00   4.31   0.87   0.11
HD210329          69.13  4965.00   4.40   0.45  -0.18
HD210507          67.40  4998.00   4.42   0.69   0.07
HD210573         138.83  4918.00   4.48   0.68  -0.07
HD210752         736.95  5951.00   4.53   1.20  -0.58
HD210918        1700.14  5755.00   4.35   0.99  -0.09
HD210975         251.90  4749.00   4.37   0.05  -0.43
HD211038        2283.90  4989.00   3.68   0.79  -0.25
HD211188         136.74  5053.00   4.41   0.42  -0.12
HD211317         175.98  5965.00   4.30   1.21   0.27
HD21132          812.42  6243.00   4.60   1.44  -0.37
HD211369         115.05  4984.00   4.44   0.67   0.04
HD211415        1266.11  5850.00   4.39   0.99  -0.21
HD211534          97.61  5032.00   4.43   0.14  -0.31
HD211583         163.19  4761.00   4.39   0.26   0.05
HD21161          119.37  5923.00   4.24   1.14   0.09
HD212036         196.72  5687.00   4.41   0.80  -0.01
HD21209A         336.54  4671.00   4.31   0.54  -0.41
HD212231         146.58  5762.00   4.20   1.01  -0.30
HD212301         415.31  6271.00   4.55   1.29   0.18
HD21251           93.81  4920.00   4.41   0.68  -0.09
HD212563          92.34  5018.00   4.52   0.89  -0.02
HD212580         256.18  5155.00   4.44   0.85  -0.11
HD212708         993.11  5681.00   4.35   0.99   0.27
HD212918         203.15  5051.00   4.48   0.41  -0.21
HD213042         479.65  4831.00   4.38   0.82   0.08
HD213240         279.84  5982.00   4.27   1.25   0.14
HD213575         492.36  5671.00   4.18   1.02  -0.15
HD213628         450.83  5555.00   4.44   0.82   0.01
HD213852          70.10  4943.00   4.24   0.40   0.15
HD213941         848.39  5532.00   4.41   0.72  -0.46
HD214094         401.72  6288.00   4.28   1.46  -0.01
HD21411          236.66  5473.00   4.51   0.81  -0.26
HD214383         100.45  4876.00   4.47   0.59  -0.16
HD214385         482.15  5654.00   4.43   0.81  -0.34
HD214759         346.54  5461.00   4.37   0.85   0.18
HD214867         114.92  5807.00   4.66   1.23   0.01
HD214954          35.16  5738.00   4.48   0.99   0.14
HD214998          71.79  4847.00   4.37   0.77   0.06
HD215152        1962.14  4935.00   4.40   0.68  -0.10
HD215257         882.93  6052.00   4.46   1.40  -0.63
HD215456        2569.14  5789.00   4.10   1.19  -0.09
HD215497         603.82  5110.00   4.40   0.90   0.20
HD215625         161.67  6282.00   4.58   1.35   0.10
HD215722          47.74  4728.00   4.40   0.71  -0.10
HD215902          69.46  5454.00   4.46   0.53  -0.25
HD215906         158.95  6259.00   4.56   1.55  -0.28
HD216008         155.97  5773.00   4.38   0.91  -0.04
HD216215          90.33  5220.00   4.45   0.58  -0.20
HD216435        1098.48  6008.00   4.20   1.34   0.24
HD216770         782.30  5424.00   4.38   0.91   0.24
HD216777         411.24  5623.00   4.51   0.81  -0.38
HD21693         1688.97  5430.00   4.37   0.76   0.00
HD217221         105.04  5184.00   4.45   0.77   0.01
HD217395         220.74  5916.00   4.52   0.95  -0.13
HD21749          965.98  4723.00   4.40   0.53  -0.02
HD21759           73.92  5142.00   4.49   0.43  -0.61
HD217786         245.78  5966.00   4.35   1.12  -0.14
HD217958          36.56  5970.00   4.45   1.29   0.28
HD218249         224.66  5009.00   4.52   0.46  -0.40
HD218340          99.28  5889.00   4.42   0.97   0.09
HD218379         307.44  5938.00   4.11   1.24   0.15
HD218504         968.34  5962.00   4.34   1.21  -0.55
HD218511         206.26  4556.00   4.31   0.41  -0.10
HD218572         277.81  4785.00   4.54   0.50  -0.56
HD218750         173.33  5166.00   4.39   0.57   0.08
HD218885          52.39  5763.00   4.46   0.80  -0.28
HD219077         997.80  5362.00   4.00   0.92  -0.13
HD219249         740.70  5482.00   4.50   0.74  -0.40
HD21938          592.62  5778.00   4.38   0.99  -0.47
HD219495         106.47  4787.00   4.40   0.93   0.13
HD21977          128.08  5930.00   4.45   1.03   0.10
HD220256         577.52  5144.00   4.41   0.47  -0.10
HD220339         529.14  5029.00   4.55   0.76  -0.35
HD220367         494.89  6128.00   4.37   1.34  -0.21
HD220456         159.45  5887.00   4.50   1.01  -0.02
HD22049          785.84  5153.00   4.53   0.90  -0.11
HD220507        1202.42  5698.00   4.29   1.01   0.01
HD220894         247.93  6282.00   4.60   1.35   0.02
HD221146         806.90  5876.00   4.27   1.09   0.08
HD221287         352.00  6374.00   4.62   1.29   0.04
HD221343         126.91  5848.00   4.54   0.99   0.11
HD221356        1530.56  6112.00   4.53   1.12  -0.20
HD221420        1541.45  5847.00   4.03   1.28   0.33
HD221580         558.12  5322.00   2.68   1.97  -1.13
HD221638         363.08  6360.00   4.53   1.43  -0.21
HD22177          205.26  5666.00   4.26   1.02   0.20
HD221974          25.76  5170.00   4.30   0.74   0.30
HD222237         949.25  4780.00   4.37   0.05  -0.38
HD222335         357.64  5271.00   4.49   0.83  -0.20
HD222422         430.18  5475.00   4.46   0.73  -0.12
HD22249           95.47  5773.00   4.63   0.96  -0.06
HD222582         935.16  5779.00   4.37   1.00  -0.01
HD222595         815.81  5648.00   4.46   0.88   0.01
HD222669        1012.33  5894.00   4.46   1.01   0.05
HD222721          62.62  5361.00   4.43   0.52  -0.31
HD22282           51.88  5433.00   4.32   0.77   0.12
HD223121         310.27  5077.00   4.34   0.74   0.05
HD223171        1854.75  5841.00   4.20   1.12   0.12
HD223272         131.24  5118.00   4.41   0.58   0.13
HD223282         238.72  5328.00   4.49   0.60  -0.41
HD223315          93.77  5650.00   4.44   0.89   0.30
HD223854         236.30  6080.00   4.08   1.60  -0.54
HD224047         117.50  5167.00   4.43   0.62  -0.23
HD224063         153.09  5591.00   4.27   0.84   0.14
HD224230          86.04  4944.00   4.47   0.56  -0.10
HD224287          56.35  5330.00   4.38   0.59  -0.29
HD224347         276.02  6092.00   4.27   1.31  -0.42
HD224393         402.16  5774.00   4.54   0.84  -0.38
HD224432          62.19  4828.00   4.38   0.58  -0.06
HD224433          94.11  5527.00   4.42   0.72   0.09
HD224578          67.41  6158.00   4.67   1.13  -0.01
HD224619         624.35  5436.00   4.39   0.79  -0.20
HD224685         359.56  5504.00   4.47   0.76  -0.40
HD224789         738.84  5185.00   4.44   1.05  -0.03
HD224817         956.53  5894.00   4.36   1.13  -0.53
HD225297         199.20  6181.00   4.55   1.24  -0.09
HD22610          137.78  5043.00   4.44   0.88  -0.22
HD22879         1836.90  5884.00   4.52   1.20  -0.82
HD22897           57.81  4837.00   4.44   0.69  -0.25
HD22918          100.56  4924.00   3.61   0.73   0.02
HD23030           62.83  5951.00   4.37   1.22   0.20
HD23079         1078.45  5980.00   4.48   1.12  -0.12
HD23249         7612.86  5150.00   3.89   1.01   0.13
HD23356          751.94  5004.00   4.50   0.87  -0.17
HD23456         1077.22  6178.00   4.56   1.38  -0.32
HD23472          130.35  4813.00   4.38   0.43  -0.19
HD23901          210.95  5264.00   3.93   0.84  -0.40
HD24062          138.54  6107.00   4.62   1.34   0.28
HD24085          127.53  6065.00   4.47   1.22   0.17
HD24112          401.48  6175.00   4.35   1.26   0.16
HD24331          368.55  4965.00   4.51   0.53  -0.31
HD24558          204.55  5274.00   4.40   0.67  -0.47
HD24633          323.72  5276.00   4.36   0.59  -0.04
HD24892          935.70  5363.00   3.99   0.88  -0.32
HD25061          208.15  5243.00   4.42   0.80   0.07
HD25105          265.11  5316.00   4.47   0.77  -0.15
HD25120          375.70  5134.00   4.47   0.87  -0.18
HD25171          222.28  6160.00   4.43   1.22  -0.11
HD25357          127.51  5117.00   4.72   1.02  -0.03
HD25565          207.98  5212.00   4.47   0.80   0.03
HD25587          109.49  6258.00   4.61   1.78  -0.12
HD2567           250.26  6038.00   4.44   1.19   0.22
HD25673          301.69  5136.00   4.47   0.56  -0.50
HD25704          446.50  5942.00   4.52   1.37  -0.83
HD25912          117.71  5900.00   4.52   0.99   0.12
HD2638           341.83  5198.00   4.43   0.74   0.12
HD26430          120.52  4948.00   4.37   0.55  -0.26
HD26729          148.91  5718.00   4.17   1.13   0.31
HD26887          422.87  6016.00   4.46   1.00  -0.35
HD26965A        2368.66  5153.00   4.39   0.36  -0.31
HD27063          949.93  5767.00   4.44   0.94   0.05
HD27471          140.02  5871.00   4.25   1.13   0.11
HD2768           165.98  5548.00   4.40   0.81  -0.03
HD27894          343.25  4952.00   4.39   0.78   0.20
HD28185          524.48  5667.00   4.42   0.94   0.21
HD28254          413.68  5653.00   4.15   1.08   0.36
HD283            313.01  5157.00   4.51   0.45  -0.54
HD28471          556.63  5745.00   4.37   0.95  -0.05
HD28701          629.82  5710.00   4.41   0.95  -0.32
HD28807          122.34  6602.00   4.67   1.89   0.06
HD28821          728.74  5660.00   4.38   0.88  -0.12
HD28969          135.84  6255.00   4.68   1.47  -0.01
HD290038         159.85  5006.00   4.42   0.56   0.01
HD290327         216.43  5505.00   4.41   0.73  -0.14
HD29137          225.62  5768.00   4.28   1.10   0.30
HD291763          84.27  4987.00   4.50   0.12  -0.61
HD29263          117.95  5780.00   4.35   0.94   0.03
HD29303           66.10  5819.00   4.52   0.93  -0.12
HD29428          119.30  5743.00   4.48   0.82  -0.06
HD297396         398.67  4717.00   4.30   0.46   0.06
HD29980           59.85  6019.00   4.71   1.57   0.12
HD29985          107.79  4678.00   4.39   0.65  -0.22
HD30053          751.16  6139.00   4.51   1.20  -0.22
HD30177          168.72  5601.00   4.34   0.89   0.37
HD30278          786.82  5394.00   4.39   0.72  -0.17
HD30306          647.64  5529.00   4.32   0.89   0.17
HD30523           83.87  4662.00   4.57   0.79  -0.16
HD30669          218.69  5400.00   4.37   0.55   0.13
HD30858           57.15  5182.00   4.45   0.88  -0.13
HD309701          87.52  4814.00   4.39   0.00  -0.30
HD31103          434.20  6078.00   4.49   1.08   0.09
HD31128          907.33  6096.00   4.90   3.02  -1.39
HD31527         2438.65  5898.00   4.45   1.09  -0.17
HD31532          261.42  5896.00   4.07   1.33  -0.08
HD31560          267.81  4751.00   4.33   0.64  -0.07
HD31822         1052.87  6042.00   4.57   1.15  -0.19
HD3220           369.32  5846.00   4.51   0.87  -0.22
HD3229           273.48  6583.00   4.14   1.80  -0.09
HD323631         104.59  4984.00   4.44   0.38  -0.28
HD324492          64.68  4962.00   4.15   0.52  -0.27
HD326267          91.70  4719.00   4.31   0.45  -0.26
HD32724          767.14  5818.00   4.26   1.14  -0.17
HD32804          252.04  5910.00   4.53   1.08   0.06
HD329788          82.12  5151.00   4.35   0.19  -0.08
HD330075         426.35  5025.00   4.32   0.63   0.03
HD33081          125.53  6399.00   4.56   2.47  -0.16
HD33473A         364.94  5740.00   3.97   1.20  -0.13
HD33725          432.74  5274.00   4.41   0.71  -0.17
HD33811          123.18  5554.00   4.39   0.78   0.30
HD33822          107.64  5726.00   4.29   0.98   0.26
HD34327          282.34  5883.00   4.20   1.19  -0.06
HD34449          439.84  5848.00   4.50   0.92  -0.09
HD34688          387.90  5169.00   4.44   0.70  -0.20
HD3569           312.58  5155.00   4.54   0.60  -0.32
HD35854          564.15  4928.00   4.46   0.54  -0.13
HD36003         1952.97  4647.00   4.31   0.42  -0.20
HD36051          180.12  6118.00   4.63   1.21  -0.08
HD361            906.18  5913.00   4.60   1.00  -0.12
HD36108          789.72  5916.00   4.33   1.21  -0.21
HD36179           91.97  5327.00   4.45   0.69  -0.08
HD36379         1601.39  6030.00   4.30   1.29  -0.17
HD37226          475.64  6178.00   4.16   1.61  -0.12
HD37548          126.19  5950.00   4.26   1.19  -0.04
HD37962          339.00  5718.00   4.48   0.84  -0.20
HD37986          811.38  5507.00   4.29   0.92   0.26
HD37990          221.70  6215.00   4.56   1.15   0.00
HD38078          105.00  5651.00   4.47   0.62  -0.29
HD3808           153.31  5572.00   4.46   0.82  -0.17
HD3823          1871.26  6022.00   4.31   1.39  -0.28
HD38265          200.29  5549.00   4.43   0.72  -0.14
HD38277          562.70  5871.00   4.34   1.10  -0.07
HD38355          114.91  5314.00   4.35   0.75   0.09
HD38382          522.90  6082.00   4.45   1.18   0.03
HD38385          300.79  7212.00   4.61   2.87   0.09
HD38510          221.20  5914.00   4.32   1.30  -0.81
HD38772          148.79  6106.00   4.37   1.16  -0.23
HD38858         2673.31  5733.00   4.51   0.94  -0.22
HD38973         1118.23  6016.00   4.42   1.14   0.05
HD39091         1765.02  6003.00   4.42   1.12   0.09
HD39194         1677.18  5205.00   4.53   0.37  -0.61
HD39427          228.58  5682.00   4.52   0.86  -0.18
HD3964           236.11  5729.00   4.50   0.85   0.05
HD40105         1172.00  5137.00   3.85   0.97   0.06
HD4021           147.85  5831.00   4.71   1.32   0.02
HD40307         3533.68  4977.00   4.47   0.53  -0.31
HD40397          810.56  5527.00   4.39   0.83  -0.13
HD40483          185.46  6371.00   4.39   1.80  -0.06
HD40503           50.32  4953.00   4.29   0.81  -0.03
HD40865          595.21  5719.00   4.50   0.87  -0.38
HD41087           97.41  5562.00   4.52   0.85  -0.13
HD41248          754.26  5713.00   4.49   0.84  -0.37
HD41323          420.32  5756.00   4.56   0.84  -0.31
HD4208           289.15  5599.00   4.44   0.78  -0.28
HD42505           70.31  4738.00   4.40   0.61  -0.22
HD4307          1834.43  5812.00   4.10   1.22  -0.23
HD4308          1964.24  5644.00   4.38   0.90  -0.34
HD43197          323.89  5449.00   4.30   0.83   0.36
HD44120         1027.59  6052.00   4.25   1.31   0.12
HD44219          401.98  5766.00   4.20   1.06   0.04
HD44420          760.27  5818.00   4.37   1.06   0.29
HD44447         1100.96  5999.00   4.37   1.26  -0.22
HD4457           269.08  5015.00   4.53   0.65  -0.37
HD44573          637.72  5071.00   4.48   0.80  -0.07
HD44594         1207.63  5840.00   4.38   1.06   0.15
HD44804          269.04  5366.00   4.48   0.97   0.03
HD45184         2692.83  5869.00   4.47   1.03   0.04
HD45289          993.71  5717.00   4.32   0.99  -0.02
HD45364         1183.49  5434.00   4.38   0.71  -0.17
HD457            237.11  6089.00   4.43   1.17   0.34
HD4597           290.75  6025.00   4.43   1.11  -0.39
HD45977          205.86  4689.00   4.30   0.52   0.03
HD47186         1863.76  5675.00   4.36   0.93   0.23
HD48115          359.46  5825.00   4.48   0.89  -0.19
HD4838           149.64  4704.00   4.63   0.76  -0.21
HD48611          368.24  5337.00   4.51   0.69  -0.36
HD49035          228.62  5640.00   4.35   1.01   0.24
HD4915          1485.87  5658.00   4.52   0.90  -0.21
HD50590          399.66  4870.00   4.39   0.35  -0.22
HD50806         2308.66  5633.00   4.11   1.03   0.03
HD51608         1532.73  5358.00   4.36   0.73  -0.07
HD51754          648.82  5848.00   4.49   1.05  -0.55
HD52265          536.83  6136.00   4.36   1.32   0.21
HD52449          238.29  6362.00   4.55   1.29   0.12
HD52919          364.50  4698.00   4.37   0.67  -0.17
HD5349           150.64  5092.00   3.88   1.00   0.43
HD5388           660.87  6311.00   4.24   1.65  -0.28
HD54521          120.82  5973.00   4.54   1.02  -0.01
HD55             455.04  4679.00   4.51   0.05  -0.66
HD55693         1189.34  5914.00   4.43   1.07   0.29
HD56274         1411.60  5734.00   4.51   0.94  -0.54
HD56380          322.73  5317.00   4.35   0.53  -0.42
HD564            443.41  5902.00   4.53   0.95  -0.20
HD57568           98.06  4821.00   4.51   0.38  -0.47
HD58489          108.77  4800.00   4.33   0.59   0.10
HD58676           73.82  5104.00   4.37   0.75  -0.02
HD59468         4408.36  5618.00   4.39   0.88   0.03
HD59711A         672.78  5722.00   4.46   0.86  -0.12
HD59984         1631.90  5962.00   4.18   1.45  -0.69
HD61051          271.16  5363.00   4.37   0.70  -0.10
HD61383          439.86  5716.00   4.20   1.12  -0.49
HD61447           91.25  5637.00   4.37   0.89   0.17
HD61902          252.48  6209.00   4.38   1.58  -0.62
HD61986          428.99  5725.00   4.48   0.85  -0.34
HD62128          383.06  5828.00   4.22   1.16   0.33
HD62364          267.13  6255.00   4.47   1.42  -0.11
HD62847          180.96  5362.00   4.48   0.67  -0.25
HD62849          256.01  5338.00   3.59   1.04  -0.17
HD63454          252.14  4840.00   4.30   0.81   0.06
HD6348           315.40  5107.00   4.51   0.07  -0.56
HD63685          134.47  5497.00   4.05   0.94   0.00
HD63754          214.23  6200.00   4.21   1.57   0.21
HD63765         1003.23  5432.00   4.42   0.82  -0.16
HD64640           87.77  5174.00   4.31   0.77   0.18
HD65216          592.07  5612.00   4.44   0.78  -0.17
HD65277          577.28  4802.00   4.43   0.55  -0.31
HD65562          459.99  5076.00   4.39   0.45  -0.10
HD65907A        3830.94  5945.00   4.52   1.05  -0.31
HD65982          134.77  5947.00   4.42   1.08  -0.10
HD66039          167.05  6149.00   4.52   1.14   0.17
HD66040          139.35  5226.00   4.34   0.76   0.35
HD66168          134.03  6198.00   4.69   1.18  -0.03
HD66221          590.15  5635.00   4.40   0.92   0.17
HD66340          272.39  5284.00   4.36   0.75   0.03
HD66428          287.85  5705.00   4.31   0.96   0.25
HD6673           271.22  4960.00   4.49   0.58  -0.26
HD66740          157.30  6666.00   4.49   1.70   0.04
HD66838          120.59  5392.00   4.29   0.71   0.03
HD67             205.71  5746.00   4.56   1.02   0.03
HD6718           272.71  5723.00   4.44   0.84  -0.07
HD67200          170.92  6105.00   4.44   1.19   0.32
HD6735           794.94  6082.00   4.49   1.15  -0.06
HD67458         1387.71  5891.00   4.53   1.04  -0.16
HD68089          155.17  5597.00   4.53   0.66  -0.77
HD68284          515.21  5933.00   4.08   1.40  -0.50
HD68287          126.71  6318.00   4.63   1.45   0.06
HD68607          684.36  5215.00   4.41   0.82   0.07
HD68978A        2075.39  5965.00   4.48   1.09   0.04
HD69611          248.34  5762.00   4.31   0.99  -0.58
HD69655         1222.33  5961.00   4.44   1.15  -0.18
HD69830         5544.20  5402.00   4.40   0.80  -0.06
HD70642          435.47  5668.00   4.40   0.82   0.18
HD70889          985.78  6051.00   4.49   1.13   0.11
HD70903          182.69  5118.00   4.52   0.63  -0.43
HD71334          669.34  5694.00   4.37   0.95  -0.09
HD7134           755.39  5940.00   4.41   1.17  -0.29
HD71479          875.10  6026.00   4.42   1.19   0.24
HD71685          107.77  6038.00   4.58   1.09  -0.37
HD71835         1144.08  5438.00   4.39   0.79  -0.04
HD7199          1278.92  5386.00   4.34   1.01   0.28
HD72374          116.49  5767.00   4.35   0.90  -0.09
HD72579          594.50  5449.00   4.27   0.84   0.20
HD72659          360.09  5926.00   4.24   1.13  -0.02
HD72673         4279.03  5243.00   4.46   0.60  -0.41
HD72769          973.81  5640.00   4.35   0.98   0.30
HD73121         1232.66  6091.00   4.30   1.34   0.09
HD73256          862.04  5526.00   4.42   1.11   0.23
HD73267          298.35  5373.00   4.37   0.66   0.05
HD73524         2290.47  6017.00   4.43   1.14   0.16
HD73583          133.72  4695.00   4.50   0.71  -0.21
HD74014          696.68  5561.00   4.33   0.90   0.22
HD7449          1697.84  6024.00   4.51   1.11  -0.11
HD74698          426.90  5783.00   4.27   1.01   0.07
HD74957          272.12  5915.00   4.54   0.95  -0.18
HD750            147.63  5060.00   4.39   0.59  -0.29
HD75289         1277.57  6161.00   4.37   1.29   0.30
HD75328          151.72  6003.00   4.46   1.05  -0.23
HD75530          415.83  5311.00   4.48   0.53  -0.54
HD75745          294.21  5885.00   4.29   1.34  -0.78
HD75881          124.21  6239.00   4.44   1.63   0.07
HD76151          785.91  5788.00   4.48   0.96   0.12
HD76188           82.34  5989.00   4.08   1.25  -0.44
HD76440           87.08  5764.00   4.43   0.89  -0.01
HD77110          533.36  5717.00   4.48   0.86  -0.50
HD78429         1514.48  5760.00   4.33   1.01   0.09
HD78538          318.12  5786.00   4.50   0.98  -0.03
HD78558          833.97  5711.00   4.36   0.99  -0.44
HD78612          803.16  5834.00   4.27   1.14  -0.24
HD78747         1183.79  5788.00   4.44   1.10  -0.67
HD78964B         135.85  5195.00   4.50   0.91   0.10
HD79601          991.00  5825.00   4.32   1.09  -0.59
HD8038            76.40  5694.00   4.45   0.88   0.15
HD80883          472.05  5233.00   4.44   0.80  -0.25
HD81639          559.94  5522.00   4.40   0.79  -0.17
HD81700          125.38  5882.00   4.53   0.98   0.12
HD81767          272.45  4978.00   4.46   0.68   0.05
HD82114          125.49  5912.00   4.20   1.28   0.01
HD82342          822.42  4820.00   4.41   0.30  -0.54
HD82516          958.41  5104.00   4.46   0.71   0.01
HD82783          234.49  5318.00   4.41   0.91   0.21
HD82943         2121.15  5989.00   4.43   1.10   0.26
HD8326           224.73  4971.00   4.48   0.81   0.02
HD83443          784.50  5511.00   4.43   0.93   0.34
HD83529         1109.31  5902.00   4.35   1.11  -0.22
HD8389A          437.69  5283.00   4.37   1.06   0.34
HD8406           446.76  5726.00   4.50   0.87  -0.10
HD84305          127.71  5963.00   4.51   0.95  -0.23
HD84627B         168.34  6113.00   4.50   1.10  -0.28
HD85119          569.03  5425.00   4.52   0.93  -0.20
HD8535           429.02  6158.00   4.42   1.25   0.04
HD85390          969.70  5186.00   4.41   0.75  -0.07
HD85512         3228.54  4715.00   4.39   0.23  -0.32
HD85725          769.53  5986.00   3.95   1.54   0.15
HD86065          418.60  5026.00   4.50   0.91  -0.06
HD86140          402.22  4903.00   4.55   0.31  -0.25
HD86171          363.72  5400.00   4.47   0.81  -0.25
HD8638           785.94  5507.00   4.43   0.74  -0.38
HD86652          155.07  5934.00   4.47   1.01   0.13
HD870            282.33  5381.00   4.42   0.79  -0.10
HD87320          133.17  5639.00   4.41   0.95  -0.17
HD87521          134.45  4854.00   4.37   0.76  -0.04
HD87838         1127.40  6118.00   4.47   1.33  -0.40
HD88084          726.27  5766.00   4.42   0.96  -0.10
HD88218         1580.05  5878.00   4.16   1.23  -0.14
HD8828           960.96  5403.00   4.46   0.72  -0.16
HD88474          177.93  6122.00   3.91   1.91  -0.48
HD8859           395.19  5502.00   4.41   0.77  -0.09
HD88656          174.90  5150.00   4.44   0.81  -0.11
HD88725         1341.98  5654.00   4.49   0.86  -0.64
HD88742         1382.10  5981.00   4.52   1.07  -0.02
HD88885          120.75  5361.00   4.46   0.77  -0.11
HD8912           193.28  5211.00   4.43   0.70  -0.07
HD89147          101.05  5310.00   4.45   0.76  -0.09
HD8930            79.25  5687.00   4.52   0.79  -0.23
HD89454         1033.12  5728.00   4.47   0.96   0.12
HD89668          100.51  4811.00   4.45   0.63  -0.11
HD89749          110.30  5443.00   4.48   0.61  -0.29
HD89839          440.66  6314.00   4.49   1.35   0.04
HD8985           127.94  6473.00   4.96   2.15  -0.01
HD89920          243.20  4827.00   4.32   0.10  -0.03
HD89965          233.23  5039.00   4.48   0.72  -0.09
HD90081          138.64  5912.00   4.34   1.08  -0.20
HD90133           86.51  5064.00   4.42   0.37  -0.16
HD90156         2185.33  5599.00   4.48   0.86  -0.24
HD90422          606.44  6085.00   4.14   1.67  -0.62
HD90702           93.66  5760.00   4.56   1.04   0.20
HD90711          697.39  5444.00   4.40   0.92   0.24
HD90722          207.93  5711.00   4.28   1.06   0.31
HD90812          518.65  5164.00   4.48   0.64  -0.36
HD90926          119.47  5538.00   4.35   0.80   0.13
HD90936          135.16  5928.00   4.48   1.04   0.03
HD91267          123.59  4928.00   4.48   0.26  -0.06
HD91345          352.33  5658.00   4.53   0.71  -1.04
HD91379          120.93  6164.00   4.41   0.98  -0.29
HD9246           339.95  4999.00   4.49   0.13  -0.53
HD92547          121.12  6020.00   4.45   1.14  -0.37
HD92588         2005.75  5199.00   3.79   1.01   0.04
HD92719         1044.49  5824.00   4.51   0.96  -0.10
HD92788          817.40  5744.00   4.39   0.95   0.27
HD93083         1098.64  5105.00   4.43   0.94   0.09
HD93351          344.65  5408.00   4.41   0.57  -0.23
HD93380          177.30  4649.00   4.35   0.21  -0.72
HD93385         2099.96  5977.00   4.42   1.14   0.02
HD93745          154.04  6065.00   4.34   1.33   0.12
HD93932          197.52  5950.00   4.30   1.16   0.05
HD94151          735.52  5583.00   4.38   0.83   0.04
HD94444          432.37  5998.00   4.34   1.29  -0.62
HD94771          535.90  5631.00   4.03   1.10   0.22
HD94964          149.67  6139.00   4.55   1.26  -0.07
HD95456         3057.28  6276.00   4.35   1.40   0.16
HD95521          696.58  5773.00   4.49   0.96  -0.15
HD95533          141.96  5366.00   4.36   0.63   0.16
HD95542          386.48  5984.00   4.52   1.01  -0.04
HD9578           480.54  6055.00   4.52   1.07   0.11
HD95860          160.03  6054.00   4.48   1.25  -0.31
HD95922           93.61  6293.00   4.63   1.23  -0.06
HD9608           149.12  5954.00   4.43   0.98  -0.26
HD96116          141.19  5832.00   4.52   0.96  -0.01
HD96276          122.35  6080.00   4.49   1.12  -0.02
HD96290          210.36  6219.00   4.56   1.21   0.03
HD96423          968.84  5711.00   4.35   0.98   0.10
HD96673          116.21  4788.00   4.38   0.55  -0.13
HD967            778.62  5568.00   4.53   0.77  -0.68
HD96700         3523.24  5845.00   4.39   1.04  -0.18
HD97037         1113.29  5883.00   4.34   1.13  -0.07
HD97320          547.19  6165.00   4.57   1.50  -1.05
HD97343         1087.11  5410.00   4.39   0.82  -0.06
HD97783          379.30  5682.00   4.50   0.88  -0.73
HD9782          1056.97  6023.00   4.42   1.09   0.09
HD9796           496.82  5179.00   4.38   0.66  -0.25
HD97998          879.37  5716.00   4.57   0.85  -0.42
HD98281         1597.79  5381.00   4.42   0.64  -0.26
HD98284          185.06  5913.00   4.52   1.18  -0.84
HD98356          320.71  5322.00   4.41   0.84   0.10
HIP102025         90.60  4684.00   4.32   0.53  -0.28
HIP102964         98.71  4797.00   4.43   0.72  -0.23
HIP103867         31.30  4559.00   4.14   0.77  -0.45
HIP104856         52.80  5023.00   4.43   0.22  -0.24
HIP105506         88.66  4840.00   4.37   0.22  -0.01
HIP10741          97.26  4859.00   4.40   0.51  -0.15
HIP108216         72.96  4830.00   4.53   0.66  -0.51
HIP109149        161.59  4960.00   4.43   0.32  -0.12
HIP109421         81.95  4576.00   4.42   0.32  -0.27
HIP113596         88.19  4580.00   4.25   0.67  -0.21
HIP116374        137.60  4626.00   4.31   0.42   0.01
HIP116939         44.46  4984.00   4.35   0.56  -0.07
HIP12147         110.36  5050.00   4.50   0.43  -0.32
HIP15587         116.33  5239.00   4.46   0.66  -0.12
HIP16094         106.93  4877.00   4.44   0.39  -0.04
HIP17346         249.29  4699.00   4.32   0.66  -0.16
HIP1745           97.88  5416.00   4.39   0.47  -0.44
HIP18918         218.29  4572.00   4.28   0.45  -0.20
HIP20444          94.07  4907.00   4.41   0.54  -0.12
HIP21539         107.71  4578.00   4.33   0.25  -0.33
HIP21934         264.72  4674.00   4.19   0.62   0.03
HIP22059         252.45  4741.00   4.40   0.79  -0.32
HIP25612         133.51  4571.00   4.35   0.56  -0.50
HIP26013         348.37  4891.00   4.41   0.90   0.02
HIP26542         175.62  4750.00   4.48   0.65  -0.54
HIP31639          90.19  5400.00   4.53   0.31  -0.54
HIP32127         270.08  5302.00   4.44   0.58  -0.64
HIP32812         212.09  4977.00   4.41   0.56  -0.02
HIP33392          90.22  4986.00   4.54   0.97  -0.09
HIP35992         106.54  4939.00   4.25   0.62  -0.02
HIP36347          78.64  4719.00   4.38   0.84  -0.05
HIP38324         154.86  4615.00   4.39   0.48  -0.30
HIP39470         210.06  4571.00   4.40   0.61  -0.39
HIP41659         370.83  5197.00   4.38   0.42  -0.53
HIP45301          81.53  4788.00   4.46   0.10  -0.12
HIP46933         151.40  4487.00   4.22   0.22  -0.24
HIP5114          186.47  4846.00   4.39   0.74  -0.69
HIP5158          364.01  4813.00   4.32   0.54   0.17
HIP54446          99.19  4992.00   4.51   0.74  -0.18
HIP54597         212.36  4799.00   4.43   0.52  -0.22
HIP57688          86.40  4712.00   4.32   0.37  -0.14
HIP58348         178.69  4828.00   4.34   0.43   0.00
HIP59925         109.30  4590.00   4.40   0.43  -0.26
HIP61406          91.05  4855.00   4.42   0.68   0.03
HIP64965          90.44  4888.00   4.78   0.00  -1.03
HIP67126         117.49  4681.00   4.20   0.27  -0.19
HIP69224          76.10  5005.00   4.30   0.32  -0.14
HIP7058           72.80  4749.00   4.55   0.41  -0.10
HIP7743           77.32  4692.00   4.39   0.74  -0.17
HIP78242         128.34  5244.00   4.40   0.73  -0.01
HIP80083          80.94  4800.00   4.78   0.31  -0.80
HIP88316          74.71  5159.00   4.38   0.35  -0.01
HIP9398           90.77  4734.00   4.49   0.62  -0.43
HIP96240          63.82  4849.00   4.47   0.70  -0.15
HIP98764          65.48  4912.00   4.44   0.38  -0.28
HIP99606B         65.82  5764.00   4.19   0.98  -0.41
