 587 
    1    11.0     59.179     2.100   -1.363   6160.7499973   -0.356010989    0.066315302    1.000000000       59.179        3.044        1.615
    2    11.0     38.258     2.100   -1.622   6154.2269093   -0.237349353    0.064304544    1.000000000       38.258        2.397        1.117
    3    12.0     32.809     5.110   -2.300   6319.2350433   -0.175036309    0.074777630    1.000000000       32.809        3.512        1.397
    4    12.0     50.420     5.110   -1.996   6318.7130192   -0.251961819    0.079832733    1.000000000       50.420        5.329        1.529
    5    12.0     73.399     4.350   -2.234   4730.0346163   -0.469217976    0.062405972    1.000000000       73.399        4.020        2.859
    6    14.0     36.733     4.930   -2.068   5645.6098141   -0.243900742    0.060083292    1.000000000       36.733        2.091        1.538
    7    14.0     48.364     5.870   -1.100   6414.9874457   -0.253421733    0.076136489    1.000000000       48.364        3.018        1.999
    8    14.0     42.519     4.950   -1.912   5797.8600306   -0.281813540    0.060190982    1.000000000       42.519        1.512        1.629
    9    14.0     47.430     5.620   -1.331   6243.8195554   -0.275985148    0.068560839    1.000000000       47.430        3.363        0.985
   10    14.0     39.001     5.870   -1.227   6527.2061545   -0.207796547    0.074876557    1.000000000       39.001        2.225        1.432
   11    14.0     62.730     5.610   -1.116   6237.3274741   -0.325010341    0.076999339    1.000000000       62.730        5.919        1.279
   12    14.0     15.834     5.980   -1.625   6741.6320271   -0.081525757    0.077481901    1.000000000       15.834        1.174        2.096
   13    14.0     12.749     5.080   -2.496   5517.5355211   -0.095515192    0.053248758    1.000000000       12.749        0.545        1.681
   14    14.0     61.960     4.950   -1.642   5684.4860793   -0.403951512    0.061191495    1.000000000       61.960        2.308        2.367
   15    14.0     56.170     4.930   -1.790   5690.4244316   -0.395190000    0.056703831    1.000000000       56.170        2.571        2.278
   16    14.0     32.194     5.610   -1.555   6125.0212908   -0.190630784    0.067373958    1.000000000       32.194        2.005        0.932
   17    14.0     38.733     4.930   -2.034   5701.1048856   -0.263277971    0.058691261    1.000000000       38.733        1.683        1.868
   18    14.0     19.514     5.950   -1.640   6583.6957272   -0.096589420    0.080599421    1.000000000       19.514        1.470        3.780
   19    14.0     10.805     5.080   -2.500   5621.6077284   -0.076320331    0.056479509    1.000000000       10.805        0.689        2.090
   20    14.0     87.088     5.080   -1.208   5948.5419327   -0.478572876    0.072597215    1.000000000       87.088        7.883        2.067
   21    14.0     47.474     5.620   -1.333   5753.6379397   -0.264243102    0.071674497    1.000000000       47.474        5.381        1.194
   22    14.0     46.352     5.620   -1.310   6244.4730796   -0.270202212    0.068436935    1.000000000       46.352        3.084        1.126
   23    14.0     50.854     5.080   -1.669   5772.1436908   -0.322199079    0.062966616    1.000000000       50.854        5.764        2.299
   24    14.0     38.249     5.620   -1.425   6145.0184834   -0.236465066    0.064529525    1.000000000       38.249        1.755        0.892
   25    14.0     34.570     5.620   -1.520   6142.4911746   -0.211114375    0.065327298    1.000000000       34.570        1.955        0.736
   26    14.0     18.792     5.870   -1.666   6195.4561423   -0.098129805    0.076399274    1.000000000       18.792        2.350        0.890
   27    20.0     70.805     2.520   -1.155   6166.4382275   -0.457250572    0.061776025    1.000000000       70.805        2.794        0.588
   28    20.0     85.513     2.520   -0.917   6499.6513687   -0.524742593    0.065012270    1.000000000       85.513        4.525        1.711
   29    20.0     94.538     2.710   -0.581   5349.4655377   -0.623692185    0.060470645    1.000000000       94.538        4.408        3.972
   30    20.0     56.534     2.520   -1.404   6455.6018874   -0.384014946    0.058731211    1.000000000       56.534        1.776        1.495
   31    20.0    102.610     2.520   -0.733   6449.8157106   -0.598788877    0.068363858    1.000000000      102.610        6.778        1.599
   32    20.0    101.171     2.520   -0.677   5261.7054855   -0.644464693    0.062628057    1.000000000      101.171        5.525        3.706
   33    20.0     67.209     2.520   -1.313   6161.2942392   -0.409618964    0.065456808    1.000000000       67.209        6.337        1.318
   34    20.0     11.857     2.520   -2.497   6156.0182164   -0.074694926    0.063327197    1.000000000       11.857        1.716        1.573
   35    20.0     87.065     2.930   -0.559   5512.9811495   -0.553929831    0.062704431    1.000000000       87.065        5.531        2.227
   36    20.0     90.700     2.530   -0.825   6471.6641226   -0.561616623    0.064428310    1.000000000       90.700        2.576        2.775
   37    20.0     93.858     2.520   -0.800   6169.0406620   -0.551664672    0.067874739    1.000000000       93.858        5.412        0.635
   38    20.0     25.983     2.930   -1.592   5867.5661827   -0.198740466    0.052157020    1.000000000       25.983        3.865        2.947
   39    21.0      7.020     1.870    0.562   5520.4950837   -0.059373176    0.047170219    1.000000000        7.020        0.626        1.262
   40    21.0     14.968     1.450    0.533   5671.8160121   -0.095862738    0.062289535    1.000000000       14.968        1.432        1.056
   41    21.0      7.957     1.450    0.297   4743.8213125   -0.069084526    0.045947324    1.000000000        7.957        0.307        1.365
   42    21.1     34.255     1.500   -1.025   5667.1406099   -0.225055481    0.060721791    1.000000000       34.255        3.488        1.083
   43    21.1     38.444     1.510   -0.946   5684.1938650   -0.285413227    0.053736038    1.000000000       38.444        1.658        2.071
   44    21.1     35.178     1.510   -1.022   6245.6204148   -0.246876138    0.056845759    1.000000000       35.178        1.536        1.232
   45    21.1     75.725     1.770    0.140   5526.8139792   -0.549703740    0.054956461    1.000000000       75.725        2.675        1.819
   46    21.1     68.039     1.510   -0.326   5657.8762246   -0.472453286    0.057452492    1.000000000       68.039        2.497        0.930
   47    21.1      9.194     1.500   -1.863   6320.8472779   -0.060894019    0.060233837    1.000000000        9.194        0.506        0.988
   48    21.1     36.026     1.360   -1.160   6604.5924932   -0.245241577    0.058604542    1.000000000       36.026        1.779        1.004
   49    22.0     10.195     2.159   -1.440   6150.1458867   -0.067449184    0.060300731    1.000000000       10.195        0.720        0.846
   50    22.0     20.161     0.048   -2.360   5252.1017771   -0.179498585    0.044807934    1.000000000       20.161        0.768        1.786
   51    22.0     33.493     1.070   -0.939   4675.1068064   -0.304973233    0.043812479    1.000000000       33.493        6.654        4.840
   52    22.0      4.362     1.872   -1.480   6145.4128557   -0.025944810    0.067078234    1.000000000        4.362        0.650        0.914
   53    22.0     10.640     2.238   -1.190   5230.6709444   -0.063523788    0.066822544    1.000000000       10.640        1.129        3.989
   54    22.0     11.049     2.490   -0.410   5648.5679049   -0.086718892    0.050831587    1.000000000       11.049        0.633        1.060
   55    22.0     41.633     1.500   -0.429   4820.4096055   -0.374810490    0.044313623    1.000000000       41.633        2.078        1.657
   56    22.0     23.577     2.320   -0.123   5662.1553351   -0.182070563    0.051660648    1.000000000       23.577        1.306        1.073
   57    22.0     14.003     2.173   -0.430   4731.1723170   -0.112646693    0.049590976    1.000000000       14.003        1.587        2.439
   58    22.0     28.168     0.020   -2.254   5219.7006968   -0.239965820    0.046829650    1.000000000       28.168        1.214        0.888
   59    22.0     21.984     1.070   -1.416   6126.2206733   -0.170112566    0.051556228    1.000000000       21.984        0.991        0.712
   60    22.0     66.433     0.000   -1.308   4656.4696039   -0.588627269    0.045025024    1.000000000       66.433        8.247        3.564
   61    22.0     20.167     2.229   -1.160   5212.6907183   -0.131664918    0.061104308    1.000000000       20.167        0.762        1.840
   62    22.0     87.029     0.048   -0.820   5210.3893509   -0.636034952    0.054587696    1.000000000       87.029        6.686        1.796
   63    22.0      7.757     2.248   -0.830   4747.6715347   -0.054758810    0.056516507    1.000000000        7.757        1.278        3.583
   64    22.0      6.961     2.250   -0.781   5739.4754998   -0.064418707    0.043106539    1.000000000        6.961        0.328        0.925
   65    22.0     51.764     1.870    0.068   4913.6183273   -0.430287475    0.047993015    1.000000000       51.764        3.135        1.486
   66    22.0      5.051     1.878   -1.420   6120.9934212   -0.030103902    0.066931511    1.000000000        5.051        1.227        1.285
   67    22.0     85.349     0.021   -0.950   5192.9728883   -0.641690457    0.053062036    1.000000000       85.349        4.039        1.431
   68    22.0     10.799     3.290    0.326   5766.3170514   -0.071389490    0.060348731    1.000000000       10.799        0.540        0.973
   69    22.0      9.050     1.886   -0.910   4915.2311070   -0.073052174    0.049422654    1.000000000        9.050        1.507        1.634
   70    22.0      0.089     2.238   -1.190   5189.5777944   -0.004773573    0.007411119    1.000000000        0.089        1.417        0.196
   71    22.0     40.822     1.732   -0.160   4639.9421121   -0.365607149    0.044543981    1.000000000       40.822        3.341        3.906
   72    22.0     64.534     0.000   -1.060   5173.7498796   -0.491205582    0.052412322    1.000000000       64.534        4.590        1.854
   73    22.0      4.004     1.886   -1.380   6092.7994241   -0.032266886    0.049508541    1.000000000        4.004        0.352        0.923
   74    22.0     46.399     1.738   -0.050   4639.3635530   -0.420389583    0.044031786    1.000000000       46.399        2.016        3.884
   75    22.0      6.581     0.818   -2.090   4926.1522034   -0.063607269    0.041277290    1.000000000        6.581        0.417        0.924
   76    22.0     35.943     0.021   -1.950   5152.1862843   -0.342458577    0.041871506    1.000000000       35.943        0.871        1.861
   77    22.0     39.798     0.000   -1.940   5147.4815588   -0.352329037    0.045063478    1.000000000       39.798        2.313        1.987
   78    22.0      5.596     2.266   -1.010   5822.4526534   -0.042791520    0.052171674    1.000000000        5.596        0.339        1.060
   79    22.0     37.160     1.460   -0.622   5145.4648170   -0.324155239    0.045733803    1.000000000       37.160        1.597        0.578
   80    22.0     14.753     2.270   -0.445   6091.1785954   -0.110011486    0.053501137    1.000000000       14.753        0.992        1.130
   81    22.0     67.261     0.835   -0.400   4512.7359593   -0.603314165    0.044476471    1.000000000       67.261        2.919        5.622
   82    22.0     10.422     1.442   -1.690   6336.1068260   -0.062853261    0.066147678    1.000000000       10.422        2.602        1.141
   83    22.0      7.864     1.442   -1.580   6303.7603988   -0.059764696    0.052492411    1.000000000        7.864        0.255        1.042
   84    22.0     10.395     0.900   -2.069   6599.1172993   -0.071195066    0.058247207    1.000000000       10.395        0.791        0.870
   85    22.0     48.091     1.070   -0.840   5866.4550021   -0.358501344    0.053515561    1.000000000       48.091        2.255        2.349
   86    22.0      5.506     1.052   -2.000   5880.2740842   -0.048724497    0.045079940    1.000000000        5.506        0.411        1.552
   87    22.0     31.469     1.052   -1.100   5899.2966201   -0.254433054    0.049342005    1.000000000       31.469        1.571        3.159
   88    22.0     70.072     0.812   -0.160   4536.0473915   -0.654370038    0.042719838    1.000000000       70.072        2.199        4.643
   89    22.0     96.513     0.848    0.540   4533.2442214   -0.758026038    0.050793908    1.000000000       96.513        8.074        7.604
   90    22.0     26.176     1.440   -0.861   5113.4430934   -0.244071935    0.042786042    1.000000000       26.176        0.827        1.680
   91    22.0     15.461     1.066   -1.640   5918.5478156   -0.114627333    0.053809785    1.000000000       15.461        1.284        1.795
   92    22.0     20.649     1.045   -1.380   5922.1135462   -0.155255019    0.053058871    1.000000000       20.649        1.137        1.353
   93    22.0    107.317     0.835    0.450   4991.0713283   -0.751666123    0.056957968    1.000000000      107.317        1.913        2.551
   94    22.0     94.715     0.818   -0.070   4535.9197518   -0.704918408    0.053603075    1.000000000       94.715        3.292        5.824
   95    22.0     10.936     1.442   -1.540   5109.4425837   -0.073830508    0.059094438    1.000000000       10.936        1.217        3.712
   96    22.0      7.986     1.066   -1.940   5937.8154410   -0.060900619    0.052313257    1.000000000        7.986        0.330        0.981
   97    22.0     19.455     1.052   -1.510   5941.7548924   -0.148637777    0.052217044    1.000000000       19.455        1.957        0.786
   98    22.0     30.362     1.880   -0.492   5965.8372360   -0.210505142    0.057540259    1.000000000       30.362        3.068        1.436
   99    22.0     24.189     1.870   -0.602   5978.5460691   -0.180876236    0.053350927    1.000000000       24.189        1.366        1.155
  100    22.0     30.922     0.000   -2.174   4997.0982549   -0.295950327    0.041683120    1.000000000       30.922        1.348        2.181
  101    22.0    103.954     0.825    0.320   4999.5060116   -0.719035417    0.057676611    1.000000000      103.954        4.978        1.874
  102    22.0      7.373     1.459   -1.550   6312.2471360   -0.057718162    0.050958832    1.000000000        7.373        0.730        0.643
  103    22.0     18.742     2.235   -0.720   5999.6961466   -0.137867261    0.054234077    1.000000000       18.742        1.836        1.144
  104    22.0     26.011     0.021   -2.200   5009.6501016   -0.241034728    0.043051091    1.000000000       26.011        1.499        2.762
  105    22.0      8.598     1.050   -1.941   6064.6325495   -0.065913715    0.052041345    1.000000000        8.598        0.668        0.808
  106    22.0      9.614     2.332   -1.690   6018.3037399   -0.067682994    0.056665895    1.000000000        9.614        0.800        0.999
  107    22.0     66.966     0.850   -0.657   5016.1641641   -0.556186107    0.048033670    1.000000000       66.966        4.000        4.549
  108    22.0     81.185     0.835   -0.330   5020.0246211   -0.606867889    0.053369166    1.000000000       81.185        5.408        6.108
  109    22.0     72.995     0.825   -0.330   5022.8700512   -0.601416404    0.048420184    1.000000000       72.995        2.962        3.985
  110    22.0     69.384     0.818   -0.530   5024.8464527   -0.570859988    0.048488671    1.000000000       69.384        1.709        1.813
  111    22.0     85.042     0.825    0.140   4535.5692408   -0.717160674    0.047307221    1.000000000       85.042        2.993        5.342
  112    22.0     62.543     1.442    0.140   5036.4676837   -0.526785310    0.047364437    1.000000000       62.543        8.416        1.951
  113    22.0     67.486     1.429    0.020   5038.4008816   -0.520325459    0.051742556    1.000000000       67.486        4.851        2.714
  114    22.0     75.681     0.020   -1.199   5039.9619104   -0.612312112    0.049308970    1.000000000       75.681        2.502        2.536
  115    22.0     20.936     0.835   -1.590   5043.5879442   -0.146380758    0.057057436    1.000000000       20.936        4.574        2.412
  116    22.0     60.046     1.738    0.160   4623.0952978   -0.476011871    0.050324414    1.000000000       60.046        6.154        3.575
  117    22.0     14.965     2.159   -0.390   5062.1022664   -0.135182366    0.044164945    1.000000000       14.965        0.649        1.511
  118    22.0      4.990     2.690   -0.471   5064.0631349   -0.050368181    0.039525103    1.000000000        4.990        0.344        1.238
  119    22.0      7.175     1.429   -1.540   5085.3343331   -0.064145876    0.044622135    1.000000000        7.175        0.603        2.896
  120    22.0     31.122     1.460   -0.797   5071.4888752   -0.244718381    0.050734814    1.000000000       31.122        1.352        2.318
  121    22.0     62.823     1.748    0.440   4617.2721311   -0.559772614    0.044773310    1.000000000       62.823        2.099        1.743
  122    22.0      9.026     1.872   -1.100   5389.9918324   -0.055593361    0.064768081    1.000000000        9.026        0.956        2.058
  123    22.0     51.396     1.440   -0.435   6258.1073726   -0.376067361    0.054522420    1.000000000       51.396        1.788        1.222
  124    22.0     16.915     2.343   -0.550   5429.1523645   -0.092693109    0.072800357    1.000000000       16.915        5.161        1.957
  125    22.0     65.526     0.825   -0.280   4548.7670488   -0.607701108    0.043016462    1.000000000       65.526        9.362        5.135
  126    22.0     45.745     2.248    0.510   4758.1213057   -0.406149794    0.044933080    1.000000000       45.745        2.398        3.172
  127    22.0     48.039     2.254    0.590   4759.2724624   -0.432186483    0.044344241    1.000000000       48.039        1.703        3.142
  128    22.0     82.682     1.878   -1.960   5391.4586685   -0.499790371    0.065998160    1.000000000       82.682        7.594        2.598
  129    22.0     19.472     1.442   -1.870   5448.3784182   -0.136821624    0.056775536    1.000000000       19.472        1.912        2.638
  130    22.0      8.764     1.442   -1.600   5453.6535917   -0.047630060    0.073406300    1.000000000        8.764        3.667        3.223
  131    22.0     56.098     1.459   -0.280   6258.7149468   -0.405152600    0.055238126    1.000000000       56.098        1.616        1.193
  132    22.0      7.397     2.235   -1.230   6745.9566114   -0.049183555    0.059995709    1.000000000        7.397        0.372        1.705
  133    22.0      7.815     1.442   -1.420   5471.1997588   -0.066985356    0.046543209    1.000000000        7.815        0.711        1.590
  134    22.0     12.084     1.066   -1.590   5295.7793363   -0.111775183    0.043128165    1.000000000       12.084        0.450        2.625
  135    22.0     13.037     1.459   -1.230   5474.2231292   -0.097896300    0.053128123    1.000000000       13.037        1.567        1.811
  136    22.0      4.325     2.343   -0.950   5474.4554560   -0.031995417    0.053932116    1.000000000        4.325        0.709        1.786
  137    22.0     17.064     2.235   -0.350   4778.2535049   -0.148866030    0.045730405    1.000000000       17.064        0.870        2.399
  138    22.0     22.180     1.429   -1.360   5481.8779206   -0.110727045    0.079912832    1.000000000       22.180        4.313        3.142
  139    22.0     23.540     1.460   -1.008   5490.1522475   -0.189249293    0.049622843    1.000000000       23.540        1.607        1.527
  140    22.0      5.548     2.152   -0.940   4742.1208894   -0.044850060    0.049346792    1.000000000        5.548        0.619        1.380
  141    22.0     14.554     2.580   -0.218   5503.8982506   -0.120679301    0.048112521    1.000000000       14.554        0.908        1.284
  142    22.0     47.578     1.459   -0.400   5512.5262176   -0.377816546    0.050238184    1.000000000       47.578        1.337        1.708
  143    22.0     39.531     1.429   -0.660   5514.3464040   -0.317636445    0.049649337    1.000000000       39.531        2.154        1.825
  144    22.0     44.831     1.442   -0.500   5514.5366395   -0.366853953    0.048752386    1.000000000       44.831        1.583        1.765
  145    22.0     74.512     0.825   -0.250   4518.0253698   -0.642330964    0.046278228    1.000000000       74.512        3.285        6.304
  146    22.0     66.767     0.850   -0.575   4555.4879919   -0.597417040    0.044585842    1.000000000       66.767        2.875        5.856
  147    22.0     12.455     2.159   -0.660   4733.4215668   -0.115936366    0.042857914    1.000000000       12.455        4.096        2.548
  148    22.0     20.185     1.050   -1.433   4722.6114050   -0.177095972    0.045471599    1.000000000       20.185        1.754        2.275
  149    22.0     51.558     1.430   -0.491   6261.1013107   -0.352815016    0.058298732    1.000000000       51.558        2.110        1.233
  150    22.0      3.655     1.748   -1.950   6265.6259554   -0.028045322    0.051992157    1.000000000        3.655        0.312        1.092
  151    22.0     14.948     1.429   -1.040   4518.6958238   -0.155123713    0.038442462    1.000000000       14.948        1.387        5.230
  152    22.0     21.998     2.235   -0.220   5565.4797931   -0.152208895    0.057657910    1.000000000       21.998        1.971        1.492
  153    22.0     10.393     0.020   -2.718   4562.6297144   -0.116908716    0.035465508    1.000000000       10.393        3.025        4.101
  154    22.0     33.971     2.235    0.210   4742.7938240   -0.296020612    0.045781690    1.000000000       33.971        6.022        1.350
  155    22.0     62.714     0.818   -0.270   4522.8052731   -0.610267072    0.040997428    1.000000000       62.714        4.157        4.801
  156    22.0     33.682     2.343    0.070   4805.4241492   -0.254267642    0.052846314    1.000000000       33.682        4.261        1.891
  157    22.0      9.328     1.429   -2.260   6268.6983744   -0.022044988    0.168809936    1.000000000        9.328        9.450        3.286
  158    22.1     60.408     1.570   -1.904   5381.0250481   -0.447994502    0.053793716    1.000000000       60.408        4.033        1.519
  159    22.1     52.574     1.130   -2.450   4545.1365777   -0.470335684    0.044593312    1.000000000       52.574        1.479        4.070
  160    22.1      7.102     1.583   -3.180   5396.2466782   -0.072028229    0.039335285    1.000000000        7.102        5.537        2.594
  161    22.1     48.381     1.580   -2.104   5418.7706614   -0.389995792    0.049490408    1.000000000       48.381        1.327        0.773
  162    22.1     48.381     1.581   -2.130   5418.7706614   -0.389995792    0.049490408    1.000000000       48.381        1.327        0.773
  163    22.1     32.978     1.083   -2.890   4762.7832816   -0.306066764    0.042984998    1.000000000       32.978        1.990        3.276
  164    22.1     25.300     1.115   -2.870   4552.2914916   -0.292942380    0.034454063    1.000000000       25.300        5.721        5.531
  165    22.1     58.272     1.079   -2.560   4518.3410908   -0.453018097    0.051315770    1.000000000       58.272        9.346        7.027
  166    22.1     44.862     1.079   -2.660   4798.5331101   -0.401044962    0.044626982    1.000000000       44.862        1.570        1.581
  167    22.1     33.082     3.092   -0.860   4874.0125173   -0.305727762    0.043168758    1.000000000       33.082        6.709        1.709
  168    22.1     34.194     1.160   -2.840   4583.4116399   -0.313027835    0.043579241    1.000000000       34.194        1.786        6.493
  169    22.1     53.249     3.120   -0.537   4911.1952101   -0.406173444    0.052300985    1.000000000       53.249        3.004        2.365
  170    22.1     27.556     1.565   -2.730   5005.1753553   -0.206981791    0.053111871    1.000000000       27.556        3.000        6.397
  171    22.1     17.563     1.179   -3.320   4609.2747826   -0.126484391    0.055396488    1.000000000       17.563        3.481        5.093
  172    22.1     16.823     3.121   -1.620   5069.0863760   -0.134207050    0.050008596    1.000000000       16.823        2.133        1.931
  173    22.1     39.215     3.121   -1.020   5072.2870582   -0.266523224    0.058698771    1.000000000       39.215        3.461        2.431
  174    22.1     20.822     1.160   -3.152   4636.3248667   -0.183732513    0.045211182    1.000000000       20.822        2.267        3.298
  175    22.1     32.842     2.590   -1.490   5211.5329981   -0.275782389    0.047509396    1.000000000       32.842        1.201        1.542
  176    22.1     52.638     1.240   -2.379   4657.2027329   -0.472881630    0.044407596    1.000000000       52.638        2.518        3.689
  177    22.1     52.719     1.240   -2.392   4708.6642455   -0.466669665    0.045068023    1.000000000       52.719        3.525        2.665
  178    22.1     12.123     1.242   -3.320   4719.5125873   -0.123541714    0.039148153    1.000000000       12.123        0.346        2.086
  179    23.0     11.037     1.050   -0.746   6135.3684818   -0.077981484    0.056463581    1.000000000       11.037        0.605        0.944
  180    23.0      5.910     0.290   -1.935   6224.5071188   -0.045363361    0.051978567    1.000000000        5.910        0.444        0.738
  181    23.0     32.924     1.080   -0.150   6090.2121715   -0.244041386    0.053821758    1.000000000       32.924        1.390        1.028
  182    23.0     10.653     1.040   -0.715   6111.6535194   -0.071943718    0.059075550    1.000000000       10.653        0.491        0.969
  183    23.0     11.315     1.060   -0.815   5737.0664035   -0.079192400    0.057000658    1.000000000       11.315        0.679        1.128
  184    23.0     13.568     1.050   -0.692   6081.4476979   -0.105628647    0.051242775    1.000000000       13.568        0.421        0.962
  185    23.0     31.138     1.050   -0.460   5703.5842948   -0.214276153    0.057972693    1.000000000       31.138        3.051        1.499
  186    23.0     36.840     0.280   -0.900   6216.3571462   -0.232428530    0.063232458    1.000000000       36.840        2.069        0.702
  187    23.0     19.598     1.080   -0.482   5670.8511823   -0.138219305    0.056564364    1.000000000       19.598        0.583        1.079
  188    23.0     39.201     1.080    0.000   5727.0477421   -0.273220973    0.057238849    1.000000000       39.201        0.717        1.138
  189    23.0      9.544     0.280   -1.676   6285.1663180   -0.073978423    0.051467122    1.000000000        9.544        0.544        1.077
  190    23.0     12.503     1.060   -0.650   6039.7278594   -0.098976846    0.050393380    1.000000000       12.503        0.551        0.790
  191    23.0      9.548     0.270   -1.751   6274.6601320   -0.061126540    0.062316331    1.000000000        9.548        1.926        1.232
  192    23.0     15.241     0.290   -1.431   6251.8257333   -0.105585426    0.057586877    1.000000000       15.241        0.729        1.093
  193    24.0     17.783     3.320   -0.886   5781.1819510   -0.131008050    0.054153638    1.000000000       17.783        1.497        2.241
  194    24.0     75.957     0.980   -1.460   4651.2891181   -0.646067362    0.046902664    1.000000000       75.957        6.829        2.376
  195    24.0     24.192     3.380   -0.580   5200.1675867   -0.192087453    0.050244626    1.000000000       24.192        1.366        1.712
  196    24.0     19.980     3.090   -1.120   4885.9584457   -0.146033855    0.054583353    1.000000000       19.980        2.800        1.857
  197    24.0     14.186     2.710   -1.380   4745.3078895   -0.136643922    0.041417785    1.000000000       14.186        0.417        1.874
  198    24.0     17.487     3.010   -1.030   5712.7774962   -0.127960127    0.054518094    1.000000000       17.487        1.429        1.258
  199    24.0     17.436     3.370   -0.784   5214.1337584   -0.153382756    0.045350055    1.000000000       17.436        0.773        1.313
  200    24.0     43.666     3.080   -0.345   4730.7157666   -0.398284599    0.043737849    1.000000000       43.666        7.897        2.004
  201    24.0     21.640     2.540   -1.150   4541.0635552   -0.243885118    0.035398130    1.000000000       21.640        9.547        4.307
  202    24.0     81.258     1.000   -1.457   4600.7507655   -0.712754915    0.045481904    1.000000000       81.258        3.308        3.725
  203    24.0     27.793     0.940   -2.920   6330.0941937   -0.204875726    0.054119721    1.000000000       27.793        1.289        0.792
  204    24.0     38.712     0.940   -2.577   4964.9311966   -0.365306810    0.042276590    1.000000000       38.712        1.238        1.210
  205    24.0     12.696     3.130   -1.215   4633.2538379   -0.102646963    0.049344549    1.000000000       12.696        2.258        3.804
  206    24.0     29.266     3.440   -0.392   6882.5187373   -0.196500780    0.059417584    1.000000000       29.266        1.159        4.177
  207    24.0     89.960     0.940   -1.140   4496.8553451   -0.749536731    0.047881580    1.000000000       89.960        1.584        5.469
  208    24.0     43.173     3.110   -0.250   4936.3395162   -0.382689674    0.045006358    1.000000000       43.173        4.800        1.921
  209    24.0     43.173     3.110   -0.343   4936.3395162   -0.382689674    0.045006358    1.000000000       43.173        4.800        1.921
  210    24.0     47.239     3.320   -0.183   5787.9212509   -0.348206839    0.054122082    1.000000000       47.239        2.471        2.383
  211    24.0     18.644     3.430   -0.530   5177.3985426   -0.158362452    0.046966616    1.000000000       18.644        8.505        1.506
  212    24.0     19.026     3.110   -0.910   4639.5075302   -0.176262963    0.043062937    1.000000000       19.026        0.738        3.776
  213    24.0     33.391     3.320   -0.472   5783.0679304   -0.253698798    0.052508026    1.000000000       33.391        1.581        2.528
  214    24.0     19.380     3.560   -0.599   4767.8577897   -0.172864405    0.044726859    1.000000000       19.380        1.221        2.153
  215    24.0     21.206     3.440   -0.730   5340.4479173   -0.127983671    0.066100702    1.000000000       21.206        3.331        5.674
  216    24.0     99.445     1.000   -1.210   5348.3232919   -0.667131878    0.059467536    1.000000000       99.445        3.439        4.719
  217    24.0     86.765     0.940   -1.370   4545.9553344   -0.705524636    0.049061617    1.000000000       86.765        5.604        4.835
  218    24.0     89.606     0.980   -1.190   4616.1279241   -0.717332300    0.049834261    1.000000000       89.606        4.006        1.940
  219    24.0     74.180     0.960   -1.650   4613.3599939   -0.643933191    0.045957572    1.000000000       74.180        2.224        2.313
  220    24.0     35.143     2.540   -1.020   4535.1374630   -0.344379691    0.040711508    1.000000000       35.143        1.294        4.445
  221    24.0     82.519     0.970   -1.467   4626.1773365   -0.696900830    0.047237974    1.000000000       82.519        2.179        3.101
  222    24.0     81.155     1.000   -1.250   4600.7506756   -0.712011390    0.045471238    1.000000000       81.155        3.429        3.725
  223    24.0     17.373     2.710   -1.427   5238.9619247   -0.149669107    0.046307351    1.000000000       17.373        1.041        1.950
  224    24.0      4.721     2.710   -1.920   5241.4555469   -0.036336846    0.051827638    1.000000000        4.721        0.657        2.162
  225    24.0     29.220     3.390   -0.580   5243.3659092   -0.171714898    0.067886370    1.000000000       29.220        5.534        2.538
  226    24.0     23.799     2.540   -1.350   4529.8441141   -0.208846872    0.045461017    1.000000000       23.799        1.607        6.477
  227    24.0     82.397     0.960   -1.618   5247.5706109   -0.626713478    0.052450908    1.000000000       82.397        1.617        1.634
  228    24.0     12.696     4.190   -0.234   6661.0766240   -0.084033710    0.060274634    1.000000000       12.696        0.546        1.161
  229    24.0     15.480     3.420   -0.740   5628.6431000   -0.122426620    0.050444867    1.000000000       15.480        0.924        1.159
  230    24.0      8.842     2.710   -1.464   4700.6119910   -0.124120717    0.028420736    1.000000000        8.842        9.237        2.714
  231    24.0     31.741     3.460   -0.100   5255.1205777   -0.294290540    0.043028644    1.000000000       31.741        1.267        1.141
  232    24.0     13.282     3.370   -1.004   4575.1076109   -0.113032925    0.046876426    1.000000000       13.282        1.225        4.369
  233    24.0     49.564     3.170   -0.104   4708.0130804   -0.463374759    0.042672020    1.000000000       49.564        9.779        1.398
  234    24.0     16.807     2.540   -1.480   4790.3355549   -0.134562302    0.049827786    1.000000000       16.807        1.350        1.528
  235    24.0     36.660     3.430   -0.350   5265.1614855   -0.235809057    0.062020779    1.000000000       36.660        4.560        3.521
  236    24.0     10.195     3.440   -0.954   5287.1775702   -0.090242828    0.045070169    1.000000000       10.195        0.372        1.008
  237    24.0     65.255     3.200    0.240   4718.4212330   -0.532789068    0.048861613    1.000000000       65.255        2.958        2.358
  238    24.0     64.701     2.540   -0.330   4789.3393490   -0.528296944    0.048858595    1.000000000       64.701        4.684        1.853
  239    24.0      9.298     3.550   -1.025   4775.1404972   -0.064367484    0.057629981    1.000000000        9.298        2.053        2.516
  240    24.0     92.659     0.980   -1.373   5296.6976566   -0.668757537    0.055274928    1.000000000       92.659        2.243        3.101
  241    24.0     59.665     0.980   -2.125   5300.7500636   -0.486846948    0.048892009    1.000000000       59.665        2.059        2.925
  242    24.1     28.404     3.860   -2.069   4884.6051848   -0.198436445    0.057104150    1.000000000       28.404        4.888        1.468
  243    24.1     51.308     4.070   -1.252   4592.0533990   -0.413077862    0.049552511    1.000000000       51.308        3.765        6.418
  244    24.1     82.250     4.070   -0.660   4558.6487251   -0.621067819    0.052833334    1.000000000       82.250        5.796        6.055
  245    24.1     71.254     4.070   -0.752   4588.2008785   -0.574198833    0.049505837    1.000000000       71.254        4.023        5.894
  246    24.1     63.915     4.070   -0.980   4634.0743407   -0.473886463    0.053807169    1.000000000       63.915        6.359        3.840
  247    24.1     55.335     3.860   -1.000   4848.2511241   -0.462990277    0.047680275    1.000000000       55.335        9.291        2.211
  248    25.0     23.737     3.860   -0.476   5413.6735251   -0.144135276    0.065699848    1.000000000       23.737        0.919        2.666
  249    25.0     52.344     3.840   -0.068   5377.6150420   -0.329675900    0.063341733    1.000000000       52.344        5.763        2.801
  250    25.0     13.534     2.890   -1.567   4671.6817785   -0.122982934    0.043901685    1.000000000       13.534        0.405        3.568
  251    25.0     59.811     2.920   -0.523   4502.2154172   -0.552416364    0.043194371    1.000000000       59.811        1.427        4.219
  252    25.0     59.405     2.940   -0.462   4739.1055717   -0.507158564    0.046729209    1.000000000       59.405        0.784        1.140
  253    25.0     40.759     3.850   -0.104   5399.4795137   -0.238800449    0.068093016    1.000000000       40.759        1.899        3.114
  254    26.0     45.005     3.650   -1.871   4523.3995365   -0.415989452    0.043161150    1.000000000       45.005        2.153        4.981
  255    26.0     62.848     3.210   -1.801   4531.6238889   -0.533299951    0.047014154    1.000000000       62.848        6.907        6.373
  256    26.0     17.047     3.270   -2.870   4537.6724667   -0.177609847    0.038289686    1.000000000       17.047        0.809        4.057
  257    26.0     23.422     3.940   -1.928   4551.6500928   -0.254091071    0.036774192    1.000000000       23.422        7.265        5.904
  258    26.0     28.815     3.250   -2.644   4556.9272921   -0.261851062    0.043900675    1.000000000       28.815        2.510        4.838
  259    26.0     33.182     2.760   -2.879   4561.4131540   -0.317111013    0.041744925    1.000000000       33.182        5.228        4.681
  260    26.0     47.324     3.300   -2.156   4566.5181102   -0.434499770    0.043451212    1.000000000       47.324        3.344        2.663
  261    26.0     42.128     3.210   -2.353   4574.2174726   -0.388914269    0.043214618    1.000000000       42.128        2.056        4.013
  262    26.0     56.496     2.280   -2.823   4574.7187388   -0.550351460    0.040953079    1.000000000       56.496        0.881        3.750
  263    26.0     23.326     2.830   -3.024   4579.3273806   -0.245993172    0.037829953    1.000000000       23.326        7.604        3.602
  264    26.0     30.368     3.940   -1.921   4593.5269839   -0.273211653    0.044343827    1.000000000       30.368        1.839        5.574
  265    26.0     35.043     3.650   -2.090   4596.4095809   -0.315279833    0.044341401    1.000000000       35.043        1.324        5.613
  266    26.0     72.641     1.610   -3.163   4602.0034516   -0.646437397    0.044829735    1.000000000       72.641        2.435        3.698
  267    26.0     91.878     3.980   -0.754   4607.6479051   -0.677982287    0.054063473    1.000000000       91.878        6.144        4.884
  268    26.0     74.385     2.280   -2.488   4630.1238222   -0.629839092    0.047115635    1.000000000       74.385        3.705        3.760
  269    26.0      8.446     4.550   -1.890   4631.4856130   -0.106257319    0.031709545    1.000000000        8.446        3.657        2.522
  270    26.0     54.819     2.850   -2.384   4635.8482799   -0.522504624    0.041855236    1.000000000       54.819        1.527        2.625
  271    26.0     36.814     4.560   -1.186   4661.5358776   -0.347753096    0.042232576    1.000000000       36.814        0.799        3.384
  272    26.0     54.545     3.690   -1.550   4690.1393769   -0.500484653    0.043478228    1.000000000       54.545        4.030        3.754
  273    26.0     72.213     2.830   -2.027   4741.5324253   -0.615693362    0.046790897    1.000000000       72.213        2.753        1.328
  274    26.0     36.210     4.560   -1.236   4749.9480858   -0.314914813    0.045871251    1.000000000       36.210        2.371        2.836
  275    26.0     56.970     3.270   -1.988   4757.5802660   -0.507318796    0.044799760    1.000000000       56.970        1.968        2.998
  276    26.0     95.389     1.560   -2.752   4772.8204216   -0.684424811    0.055601258    1.000000000       95.389        2.913        2.466
  277    26.0     41.716     3.420   -2.162   4779.4402844   -0.389065064    0.042774954    1.000000000       41.716        1.659        2.143
  278    26.0     10.152     3.250   -3.236   4780.8116527   -0.085183409    0.047543250    1.000000000       10.152        1.094        2.429
  279    26.0     43.537     3.000   -2.532   4787.8285421   -0.369186968    0.047045992    1.000000000       43.537        3.680        2.119
  280    26.0     67.137     3.240   -1.791   4788.7592804   -0.573669785    0.046688856    1.000000000       67.137        2.934        1.928
  281    26.0     85.800     3.550   -1.171   4789.6531502   -0.666288088    0.051372846    1.000000000       85.800        4.288        1.858
  282    26.0      8.338     3.050   -3.464   4793.9691762   -0.080258296    0.041448297    1.000000000        8.338        0.437        1.044
  283    26.0     12.562     2.420   -3.892   4794.3588549   -0.113520595    0.044145617    1.000000000       12.562        0.935        1.170
  284    26.0     35.765     3.640   -2.073   4799.4094862   -0.330796424    0.043132769    1.000000000       35.765        1.416        1.479
  285    26.0     15.965     4.610   -1.714   4802.5205854   -0.134300498    0.047423279    1.000000000       15.965        1.006        1.600
  286    26.0     60.413     3.690   -1.527   4802.8830996   -0.525629372    0.045852283    1.000000000       60.413        2.016        1.635
  287    26.0     27.847     3.250   -2.630   4808.1497801   -0.262288477    0.042355144    1.000000000       27.847        1.216        1.438
  288    26.0     18.751     3.570   -2.542   4809.9395466   -0.182080674    0.041083812    1.000000000       18.751        0.707        1.327
  289    26.0     14.068     3.070   -3.182   4811.0455029   -0.130554252    0.042987371    1.000000000       14.068        0.631        1.383
  290    26.0     73.343     3.880   -1.136   4885.4334584   -0.579865808    0.050459346    1.000000000       73.343        3.135        1.343
  291    26.0     34.897     3.930   -1.818   4905.1350279   -0.281859870    0.049393053    1.000000000       34.897        3.771        1.185
  292    26.0     98.307     2.280   -2.058   4924.7731080   -0.670888521    0.058458005    1.000000000       98.307        8.861        1.309
  293    26.0    103.755     3.370   -1.049   4946.3915962   -0.674760896    0.061343761    1.000000000      103.755        6.817        2.158
  294    26.0     55.479     4.210   -1.184   4952.6454580   -0.424882838    0.052091649    1.000000000       55.479        4.110        2.104
  295    26.0     26.888     3.630   -2.301   4961.9209261   -0.235813439    0.045489177    1.000000000       26.888        0.892        1.486
  296    26.0     54.299     4.180   -1.209   4962.5758804   -0.451485094    0.047979600    1.000000000       54.299        2.503        1.434
  297    26.0     81.399     4.190   -0.720   4967.9005370   -0.594628820    0.054611133    1.000000000       81.399        4.460        1.229
  298    26.0     56.425     4.210   -1.138   4993.7012722   -0.382425474    0.058861937    1.000000000       56.425        4.199        3.169
  299    26.0    104.056     0.920   -3.171   4994.1342973   -0.744389188    0.055766809    1.000000000      104.056        2.411        3.087
  300    26.0     73.464     2.850   -2.038   5044.2160592   -0.572354933    0.051205745    1.000000000       73.464        2.512        1.982
  301    26.0     39.512     3.640   -1.992   5054.6443572   -0.341683320    0.046132874    1.000000000       39.512        1.588        0.987
  302    26.0     78.705     4.220   -0.860   5067.1530782   -0.567679538    0.055310865    1.000000000       78.705        5.808        2.187
  303    26.0     34.729     4.150   -1.554   5088.1546219   -0.299925082    0.046194781    1.000000000       34.729        1.058        2.188
  304    26.0    106.112     0.990   -3.151   5107.4521116   -0.736427960    0.057483810    1.000000000      106.112        2.978        3.072
  305    26.0    102.654     1.560   -2.600   5107.6449130   -0.739131923    0.055406708    1.000000000      102.654        1.979        2.857
  306    26.0     44.604     3.940   -1.469   5129.6300773   -0.343273385    0.051837810    1.000000000       44.604        1.327        1.495
  307    26.0     87.073     2.420   -2.125   5141.7427918   -0.629748334    0.055160403    1.000000000       87.073        5.566        1.888
  308    26.0     24.437     2.200   -3.811   5143.7257747   -0.210313092    0.046355049    1.000000000       24.437        2.465        0.737
  309    26.0    103.383     1.010   -3.155   5151.9104635   -0.695411386    0.059308639    1.000000000      103.383        7.568        2.479
  310    26.0     71.752     4.280   -0.846   5159.0612842   -0.530456555    0.053962832    1.000000000       71.752        4.846        2.382
  311    26.0    104.374     4.220   -0.441   5195.4753018   -0.655151828    0.063556492    1.000000000      104.374        8.191        1.714
  312    26.0     37.073     4.260   -0.827   5196.0559311   -0.195726399    0.075564156    1.000000000       37.073        6.979        2.122
  313    26.0     36.373     4.300   -1.491   5197.9381826   -0.306493456    0.047343980    1.000000000       36.373        1.797        1.561
  314    26.0     97.059     2.220   -2.164   5198.7150721   -0.676915275    0.057202145    1.000000000       97.059        4.393        2.251
  315    26.0     29.773     3.630   -2.252   5223.1857497   -0.259807656    0.045717136    1.000000000       29.773        1.231        1.152
  316    26.0     74.656     0.110   -4.773   5225.5306656   -0.607474377    0.049028507    1.000000000       74.656        2.682        3.040
  317    26.0     61.525     4.220   -1.095   5228.3797937   -0.473694219    0.051815704    1.000000000       61.525        2.697        3.327
  318    26.0     86.887     3.630   -1.124   5242.4951302   -0.629194940    0.055090994    1.000000000       86.887        3.298        2.171
  319    26.0     62.797     4.260   -1.022   5243.7786495   -0.482620060    0.051909039    1.000000000       62.797        3.027        2.050
  320    26.0     67.068     0.090   -4.941   5247.0546498   -0.574144529    0.046601886    1.000000000       67.068        1.580        1.669
  321    26.0     68.353     0.120   -4.870   5250.2133790   -0.565621102    0.048210521    1.000000000       68.353        3.576        1.508
  322    26.0     19.149     2.280   -3.855   5253.0240091   -0.173316605    0.044077366    1.000000000       19.149        0.629        1.757
  323    26.0     76.733     3.280   -1.591   5253.4657787   -0.564710183    0.054208058    1.000000000       76.733        2.554        2.161
  324    26.0     56.864     3.690   -1.612   5288.5294607   -0.465303101    0.048753885    1.000000000       56.864        2.164        1.054
  325    26.0     29.638     4.140   -1.747   5293.9619741   -0.255900526    0.046204528    1.000000000       29.638        1.798        2.260
  326    26.0     14.712     3.640   -2.627   5294.5494327   -0.130435340    0.044997812    1.000000000       14.712        0.706        2.750
  327    26.0     28.451     4.420   -1.518   5295.3147667   -0.246505394    0.046045590    1.000000000       28.451        0.613        2.854
  328    26.0     40.340     4.420   -1.205   5361.6235852   -0.314490423    0.051172304    1.000000000       40.340        1.209        1.306
  329    26.0     63.312     4.470   -0.841   5373.7116110   -0.477595130    0.052885322    1.000000000       63.312        2.831        2.326
  330    26.0     15.880     4.290   -2.040   5376.8328888   -0.138260204    0.045820143    1.000000000       15.880        0.917        2.006
  331    26.0     60.967     3.690   -1.552   5379.5776003   -0.481276810    0.050537383    1.000000000       60.967        2.147        1.655
  332    26.0     32.789     4.150   -1.709   5386.3340776   -0.268442914    0.048729058    1.000000000       32.789        0.938        1.695
  333    26.0     84.157     4.420   -0.534   5389.4835236   -0.568231445    0.059084737    1.000000000       84.157        4.355        1.573
  334    26.0     22.162     4.450   -1.724   5395.2188844   -0.171445673    0.051570427    1.000000000       22.162        1.639        3.395
  335    26.0     74.508     4.450   -0.684   5398.2827996   -0.519469824    0.057220623    1.000000000       74.508        4.102        3.171
  336    26.0     26.586     4.320   -1.712   5401.2711898   -0.210283955    0.050437443    1.000000000       26.586        1.874        2.135
  337    26.0     37.833     4.370   -1.429   5406.7768479   -0.301346214    0.050085660    1.000000000       37.833        2.549        1.777
  338    26.0     55.963     4.370   -1.051   5409.1377789   -0.410979295    0.054324090    1.000000000       55.963        2.927        2.322
  339    26.0     33.894     4.420   -1.404   5417.0396723   -0.272517415    0.049618060    1.000000000       33.894        1.401        0.966
  340    26.0     65.482     4.450   -0.729   5432.9509285   -0.483134653    0.054070804    1.000000000       65.482        7.325        1.518
  341    26.0     42.456     4.390   -1.319   5436.3007098   -0.323252233    0.052397010    1.000000000       42.456        2.140        1.733
  342    26.0     45.251     2.280   -3.267   5436.5923302   -0.359962547    0.050151555    1.000000000       45.251        3.487        1.658
  343    26.0     33.376     4.310   -1.558   5441.3426581   -0.256745561    0.051860324    1.000000000       33.376        2.108        1.506
  344    26.0     23.041     4.450   -1.570   5461.5504274   -0.198027639    0.046418685    1.000000000       23.041        3.689        1.829
  345    26.0     39.087     4.140   -1.595   5464.2810117   -0.313502184    0.049738927    1.000000000       39.087        2.078        2.441
  346    26.0     36.771     3.650   -2.141   5466.9865639   -0.278235008    0.052723170    1.000000000       36.771        3.574        2.611
  347    26.0     21.473     4.190   -1.986   5473.1643228   -0.166854174    0.051340870    1.000000000       21.473        1.769        1.449
  348    26.0     60.861     4.100   -1.203   5481.2499411   -0.444231760    0.054656277    1.000000000       60.861        2.255        2.267
  349    26.0     14.263     4.190   -2.195   5491.8334162   -0.106799870    0.053279403    1.000000000       14.263        1.071        1.641
  350    26.0     43.113     4.210   -1.419   5522.4470062   -0.342822725    0.050170799    1.000000000       43.113        1.763        1.384
  351    26.0      9.893     4.150   -2.391   5534.6644857   -0.082455301    0.047866358    1.000000000        9.893        0.566        2.242
  352    26.0     37.798     3.630   -2.090   5538.5175660   -0.295808338    0.050976771    1.000000000       37.798        1.596        2.887
  353    26.0     63.291     4.220   -1.070   5543.9397176   -0.451825197    0.055883296    1.000000000       63.291        3.397        2.832
  354    26.0     51.120     4.370   -1.124   5546.5091738   -0.386644224    0.052746218    1.000000000       51.120        1.909        2.579
  355    26.0     28.535     4.220   -1.741   5546.9966435   -0.200230098    0.056853316    1.000000000       28.535        1.820        2.539
  356    26.0     41.782     4.430   -1.321   5553.5805988   -0.330341515    0.050458997    1.000000000       41.782        1.360        1.709
  357    26.0     51.440     4.430   -1.064   5560.2136674   -0.396261488    0.051787949    1.000000000       51.440        1.715        2.170
  358    26.0     58.587     2.610   -2.594   5567.3954320   -0.454899007    0.051380184    1.000000000       58.587        1.714        1.696
  359    26.0     12.435     5.030   -1.485   5577.0248448   -0.095859055    0.051749417    1.000000000       12.435        1.071        1.854
  360    26.0     33.738     3.570   -2.189   5584.7715487   -0.261850708    0.051401886    1.000000000       33.738        8.744        3.264
  361    26.0     42.104     4.140   -1.656   5587.5758281   -0.293966021    0.057139285    1.000000000       42.104        3.883        3.722
  362    26.0     59.503     4.550   -0.858   5594.6625089   -0.428626083    0.055382243    1.000000000       59.503        3.956        1.687
  363    26.0     51.620     4.210   -1.298   5618.6345971   -0.391721810    0.052571680    1.000000000       51.620        2.316        1.996
  364    26.0     36.292     4.390   -1.435   5619.6011382   -0.266802362    0.054265752    1.000000000       36.292        2.279        2.232
  365    26.0     62.433     4.990   -0.385   5633.9470632   -0.443764682    0.056127243    1.000000000       62.433        9.113        1.955
  366    26.0     35.938     4.260   -1.556   5635.8236663   -0.276943360    0.051768971    1.000000000       35.938        1.866        1.888
  367    26.0     21.136     3.640   -2.511   5636.6998727   -0.171473690    0.049174760    1.000000000       21.136        1.020        1.479
  368    26.0     78.798     4.220   -0.809   5638.2642137   -0.524956196    0.059882892    1.000000000       78.798        4.149        1.542
  369    26.0     67.852     4.260   -0.969   5641.4416226   -0.449854483    0.060172728    1.000000000       67.852        2.672        1.753
  370    26.0     36.364     5.100   -0.785   5649.9878611   -0.269827139    0.053764977    1.000000000       36.364        1.821        1.146
  371    26.0     18.853     4.470   -1.763   5651.4710278   -0.150303498    0.050040102    1.000000000       18.853        0.845        1.292
  372    26.0     26.911     4.260   -1.751   5652.3184977   -0.208230916    0.051558011    1.000000000       26.911        1.308        1.312
  373    26.0     39.455     4.390   -1.402   5653.8678024   -0.295051909    0.053346839    1.000000000       39.455        2.433        1.285
  374    26.0     22.762     4.280   -1.828   5661.3473357   -0.176954499    0.051316064    1.000000000       22.762        1.188        1.160
  375    26.0     27.985     4.180   -0.601   5662.5199168   -0.080401096    0.138857154    1.000000000       27.985        9.590        2.641
  376    26.0     52.563     4.180   -1.292   5667.5149496   -0.357167654    0.058710258    1.000000000       52.563        3.524        1.156
  377    26.0     59.965     4.650   -0.756   5679.0259585   -0.427163293    0.056003807    1.000000000       59.965        2.808        1.118
  378    26.0     10.732     4.190   -2.330   5680.2435156   -0.087410897    0.048980267    1.000000000       10.732        0.435        1.130
  379    26.0     84.919     2.560   -2.162   5701.5512946   -0.571033470    0.059326878    1.000000000       84.919        3.863        1.697
  380    26.0     72.067     4.280   -0.847   5715.0863263   -0.479194251    0.059997760    1.000000000       72.067        2.319        1.397
  381    26.0     16.208     4.550   -1.805   5720.8938201   -0.118827511    0.054416778    1.000000000       16.208        1.143        1.570
  382    26.0     57.445     4.260   -1.124   5731.7647937   -0.425311351    0.053883467    1.000000000       57.445        2.116        1.137
  383    26.0     13.505     4.220   -2.164   5738.2362890   -0.103654237    0.051976871    1.000000000       13.505        0.506        1.028
  384    26.0     31.537     4.260   -1.626   5741.8507731   -0.249187191    0.050490132    1.000000000       31.537        0.991        1.004
  385    26.0     54.529     4.550   -0.917   5752.0361386   -0.393955518    0.055219156    1.000000000       54.529        2.031        0.915
  386    26.0     55.641     4.220   -1.124   5775.0830234   -0.417553381    0.053161325    1.000000000       55.641        5.877        2.468
  387    26.0     23.061     4.150   -1.967   5778.4573416   -0.183801584    0.050054107    1.000000000       23.061        1.128        2.003
  388    26.0     34.894     4.220   -1.622   5793.9166430   -0.266552360    0.052225441    1.000000000       34.894        2.031        1.562
  389    26.0     53.900     4.610   -0.877   5806.7265941   -0.368820018    0.058301813    1.000000000       53.900        2.775        1.198
  390    26.0     49.873     3.880   -1.614   5809.2185883   -0.345478573    0.057591177    1.000000000       49.873        2.409        1.167
  391    26.0     10.519     4.140   -2.333   5811.9183470   -0.089330348    0.046975054    1.000000000       10.519        0.445        0.964
  392    26.0     22.582     4.280   -1.820   5814.8089673   -0.176112240    0.051153344    1.000000000       22.582        0.779        1.045
  393    26.0      9.712     4.150   -2.364   5815.2187498   -0.080100769    0.048371250    1.000000000        9.712        0.481        1.099
  394    26.0     11.019     3.280   -3.147   5827.8783197   -0.090230357    0.048718566    1.000000000       11.019        0.777        0.928
  395    26.0     39.788     4.550   -1.190   5852.2219821   -0.296793059    0.053482703    1.000000000       39.788        1.460        0.971
  396    26.0      7.547     1.490   -5.130   5853.1530533   -0.062152863    0.048444386    1.000000000        7.547        0.383        0.795
  397    26.0     21.957     4.610   -1.531   5855.0807043   -0.170557459    0.051358149    1.000000000       21.957        0.982        0.784
  398    26.0     33.415     4.290   -1.572   5856.0911970   -0.255983559    0.052076051    1.000000000       33.415        1.210        0.950
  399    26.0     86.061     4.550   -0.404   5862.3623843   -0.528392512    0.064976726    1.000000000       86.061        5.481        2.136
  400    26.0     15.066     4.590   -1.797   5902.4769777   -0.121491689    0.049473283    1.000000000       15.066        1.135        3.183
  401    26.0     57.149     4.650   -0.775   5905.6736152   -0.403973165    0.056437509    1.000000000       57.149        3.273        2.895
  402    26.0     54.437     2.450   -2.920   5916.2535962   -0.402642712    0.053936936    1.000000000       54.437        2.226        1.910
  403    26.0     41.832     4.650   -1.057   5927.7913876   -0.305753223    0.054581423    1.000000000       41.832        1.692        1.180
  404    26.0     38.953     4.550   -1.211   5929.6790513   -0.291258322    0.053355103    1.000000000       38.953        1.539        1.525
  405    26.0     86.636     4.650   -0.326   5930.1849286   -0.535376091    0.064558239    1.000000000       86.636        4.386        1.743
  406    26.0     75.664     3.930   -1.091   5934.6596986   -0.489905406    0.061614714    1.000000000       75.664        4.005        1.317
  407    26.0     62.648     0.860   -4.526   5956.7055576   -0.428870400    0.058276217    1.000000000       62.648        3.327        1.522
  408    26.0     68.769     4.550   -0.719   5983.6840777   -0.453037447    0.060557477    1.000000000       68.769        3.790        1.399
  409    26.0     76.905     4.790   -0.478   5987.0617974   -0.464755795    0.066014286    1.000000000       76.905        3.298        1.285
  410    26.0     22.500     2.590   -3.479   6005.5450865   -0.181836055    0.049364920    1.000000000       22.500        0.858        0.806
  411    26.0    109.417     4.550   -0.124   6024.0631616   -0.597187147    0.073094143    1.000000000      109.417        8.713        1.476
  412    26.0     63.437     4.080   -1.178   6027.0552470   -0.450528177    0.056173414    1.000000000       63.437        1.879        1.091
  413    26.0      8.133     4.310   -2.306   6034.0366528   -0.060463626    0.053662112    1.000000000        8.133        0.570        0.893
  414    26.0      5.600     4.290   -2.476   6035.3398681   -0.045629947    0.048956394    1.000000000        5.600        0.379        0.853
  415    26.0     10.297     4.370   -2.237   6054.0774330   -0.072118013    0.056958159    1.000000000       10.297        0.830        1.227
  416    26.0     73.207     4.730   -0.489   6056.0075242   -0.468585253    0.062326705    1.000000000       73.207        3.555        1.350
  417    26.0     76.956     4.790   -0.364   6078.4942760   -0.476085071    0.064486137    1.000000000       76.956        4.781        1.155
  418    26.0     45.688     4.650   -1.008   6079.0116317   -0.329522150    0.055313387    1.000000000       45.688        1.943        0.999
  419    26.0     33.845     2.220   -3.566   6082.7138833   -0.272668301    0.049519219    1.000000000       33.845        1.171        0.948
  420    26.0     34.681     4.580   -1.273   6089.5711703   -0.259573615    0.053301330    1.000000000       34.681        1.336        0.969
  421    26.0     19.439     4.650   -1.566   6094.3762682   -0.137260190    0.056499892    1.000000000       19.439        1.262        1.041
  422    26.0     37.710     3.980   -1.776   6096.6674647   -0.265978749    0.056561055    1.000000000       37.710        1.895        0.950
  423    26.0     16.502     4.560   -1.755   6098.2499298   -0.118899145    0.055368998    1.000000000       16.502        1.022        0.889
  424    26.0      5.089     0.920   -5.894   6120.2537567   -0.041214938    0.049261518    1.000000000        5.089        0.355        0.878
  425    26.0     48.602     4.140   -1.417   6127.9096633   -0.354695667    0.054664541    1.000000000       48.602        2.051        0.767
  426    26.0     49.360     2.180   -3.298   6151.6216643   -0.368288605    0.053467963    1.000000000       49.360        1.855        0.793
  427    26.0     62.664     4.080   -1.238   6157.7321597   -0.423065475    0.059090599    1.000000000       62.664        3.522        1.492
  428    26.0     13.574     4.610   -1.878   6159.3759988   -0.091401248    0.059247310    1.000000000       13.574        0.921        1.442
  429    26.0     45.338     4.140   -1.502   6165.3633334   -0.326695682    0.055364650    1.000000000       45.338        2.600        0.517
  430    26.0     68.257     2.220   -2.877   6173.3396755   -0.476787905    0.057112866    1.000000000       68.257        2.924        0.550
  431    26.0     55.406     2.730   -2.632   6180.2091485   -0.392438580    0.056323812    1.000000000       55.406        2.760        0.621
  432    26.0     48.536     3.940   -1.620   6187.9927139   -0.332008446    0.058321167    1.000000000       48.536        2.420        0.724
  433    26.0     72.897     2.610   -2.397   6200.3196076   -0.496605900    0.058561080    1.000000000       72.897        2.701        0.662
  434    26.0     82.187     2.220   -2.580   6213.4352798   -0.538266271    0.060913687    1.000000000       82.187        3.492        0.729
  435    26.0     89.337     2.200   -2.463   6219.2856918   -0.559422263    0.063708815    1.000000000       89.337        4.709        0.709
  436    26.0     19.227     3.880   -2.330   6220.7842307   -0.138128511    0.055531466    1.000000000       19.227        1.119        0.590
  437    26.0     29.397     3.880   -2.069   6226.7370220   -0.207279528    0.056579157    1.000000000       29.397        1.612        1.024
  438    26.0     38.600     2.850   -2.866   6229.2332835   -0.269534946    0.057131877    1.000000000       38.600        2.722        1.078
  439    26.0     83.946     3.650   -1.240   6232.6452036   -0.506121878    0.066168844    1.000000000       83.946        5.302        1.036
  440    26.0     48.087     2.220   -3.292   6240.6510297   -0.361743544    0.053031461    1.000000000       48.087        1.757        0.713
  441    26.0     84.928     2.180   -2.559   6265.1396270   -0.554575608    0.061093890    1.000000000       84.928        3.098        1.170
  442    26.0     53.544     2.860   -2.573   6270.2297276   -0.398030210    0.053666285    1.000000000       53.544        2.031        1.226
  443    26.0     68.203     4.730   -0.576   6290.9728841   -0.388108163    0.070106649    1.000000000       68.203        4.395        1.181
  444    26.0     74.099     2.220   -2.777   6297.7981777   -0.499327837    0.059202361    1.000000000       74.099        2.814        1.644
  445    26.0      4.937     4.320   -2.492   6303.4615581   -0.035359351    0.055705997    1.000000000        4.937        0.313        1.301
  446    26.0     41.391     4.080   -1.645   6315.8140386   -0.299101181    0.055207320    1.000000000       41.391        1.869        0.435
  447    26.0     76.908     2.590   -2.368   6322.6920433   -0.499405947    0.061436318    1.000000000       76.908        4.200        1.048
  448    26.0     96.743     2.200   -2.339   6335.3370556   -0.594043222    0.064969683    1.000000000       96.743        3.491        1.038
  449    26.0     82.059     0.860   -3.907   6358.6818584   -0.480771847    0.068092431    1.000000000       82.059        6.604        1.575
  450    26.0     52.596     4.190   -1.322   6380.7455958   -0.359774247    0.058322358    1.000000000       52.596        2.571        0.788
  451    26.0     11.149     4.730   -1.828   6385.7226343   -0.078399144    0.056734603    1.000000000       11.149        0.670        0.772
  452    26.0     18.907     2.280   -3.942   6392.5412581   -0.144699667    0.052126303    1.000000000       18.907        0.810        0.823
  453    26.0    112.325     2.180   -2.127   6430.8518716   -0.620226632    0.072249706    1.000000000      112.325        6.201        1.763
  454    26.0     64.336     2.280   -2.929   6481.8758798   -0.430476065    0.059623033    1.000000000       64.336        3.205        1.912
  455    26.0     46.072     0.960   -4.627   6498.9442656   -0.336877288    0.054560675    1.000000000       46.072        1.459        1.393
  456    26.0     23.507     1.490   -4.706   6581.2109014   -0.143656395    0.065281121    1.000000000       23.507        3.900        3.068
  457    26.0     84.873     2.430   -2.384   6593.8782662   -0.522533220    0.064798440    1.000000000       84.873        3.464        1.542
  458    26.0     17.303     2.280   -3.967   6608.0299494   -0.131719494    0.052406237    1.000000000       17.303        0.615        0.771
  459    26.0     65.149     2.560   -2.632   6609.1163658   -0.432779113    0.060055158    1.000000000       65.149        3.220        0.878
  460    26.0     16.026     1.010   -5.284   6625.0242606   -0.111460318    0.057361660    1.000000000       16.026        1.410        1.277
  461    26.0     28.258     4.550   -1.475   6627.5485165   -0.186739253    0.060368564    1.000000000       28.258        1.381        1.273
  462    26.0      9.505     2.610   -3.915   6646.9349491   -0.066489158    0.057033046    1.000000000        9.505        0.543        1.194
  463    26.0     10.384     4.150   -2.407   6653.8571870   -0.071244411    0.058144032    1.000000000       10.384        0.809        1.246
  464    26.0      8.104     4.590   -2.106   6699.1466492   -0.052952062    0.061056281    1.000000000        8.104        0.504        1.829
  465    26.0     36.582     2.760   -3.022   6703.5719514   -0.254848549    0.057266182    1.000000000       36.582        2.285        1.040
  466    26.0     45.870     4.610   -1.057   6705.1052541   -0.291677390    0.062739131    1.000000000       45.870        2.601        1.200
  467    26.0     16.298     1.490   -4.810   6710.3238176   -0.113943979    0.057064206    1.000000000       16.298        1.390        1.738
  468    26.0     24.428     4.610   -1.514   6713.0478382   -0.170078135    0.057300211    1.000000000       24.428        0.856        1.379
  469    26.0      9.402     4.140   -2.438   6713.1948876   -0.068674764    0.054614895    1.000000000        9.402        0.420        1.305
  470    26.0     21.448     4.790   -1.425   6713.7435029   -0.141977759    0.060265604    1.000000000       21.448        0.878        1.688
  471    26.0     17.509     4.100   -2.187   6725.3599108   -0.119982532    0.058218408    1.000000000       17.509        0.602        0.867
  472    26.0     46.767     4.610   -1.045   6726.6707879   -0.303127890    0.061549863    1.000000000       46.767        1.789        1.059
  473    26.0      6.655     4.580   -2.144   6732.0682288   -0.050682209    0.052388115    1.000000000        6.655        0.383        1.360
  474    26.0     25.827     4.640   -1.429   6733.1532439   -0.179543849    0.057387839    1.000000000       25.827        0.850        1.426
  475    26.0     11.575     1.560   -4.902   6739.5245874   -0.087749767    0.052622163    1.000000000       11.575        0.576        1.251
  476    26.0      9.246     4.580   -2.094   6745.1069802   -0.060109544    0.061367985    1.000000000        9.246        0.665        1.938
  477    26.0      7.370     4.080   -2.657   6745.9573995   -0.049460205    0.059448961    1.000000000        7.370        0.359        1.659
  478    26.0     73.688     2.420   -2.615   6750.1587000   -0.478002291    0.061500010    1.000000000       73.688        2.450        1.313
  479    26.0     34.891     4.640   -1.234   6752.7106075   -0.234357523    0.059393833    1.000000000       34.891        1.834        1.240
  480    26.0     24.484     4.190   -1.886   6786.8627275   -0.167071352    0.058465038    1.000000000       24.484        1.171        1.759
  481    26.0     12.908     4.580   -1.901   6793.2616352   -0.087042695    0.059161962    1.000000000       12.908        0.635        1.083
  482    26.0     34.663     2.730   -3.103   6806.8501430   -0.241529429    0.057254009    1.000000000       34.663        1.656        0.824
  483    26.0     49.426     4.610   -0.995   6810.2649213   -0.316307684    0.062338831    1.000000000       49.426        2.166        0.812
  484    26.0     40.259     4.640   -1.134   6820.3727072   -0.262331983    0.061223658    1.000000000       40.259        1.537        1.011
  485    26.0     55.526     3.570   -1.871   6828.5953197   -0.352239119    0.062888088    1.000000000       55.526        2.217        1.293
  486    26.0      8.871     4.640   -1.975   6833.2290565   -0.062401689    0.056714025    1.000000000        8.871        0.720        1.125
  487    26.0     16.903     4.590   -1.732   6837.0076101   -0.113616470    0.059351493    1.000000000       16.903        0.839        1.665
  488    26.0     31.938     2.560   -3.377   6839.8345498   -0.203728443    0.062540523    1.000000000       31.938        2.766        2.283
  489    26.0     40.864     4.640   -1.169   6842.6887146   -0.251410926    0.064843084    1.000000000       40.864        2.707        2.092
  490    26.0     61.453     4.550   -0.867   6843.6581606   -0.365102351    0.067148421    1.000000000       61.453        2.886        1.493
  491    26.0     18.336     4.610   -1.674   6855.7231707   -0.116649110    0.062710803    1.000000000       18.336        0.646        1.683
  492    26.0     21.420     4.080   -2.075   6857.2511574   -0.147010187    0.058127308    1.000000000       21.420        0.690        0.958
  493    26.0     51.214     4.610   -0.972   6858.1529807   -0.320530099    0.063742377    1.000000000       51.214        2.367        1.461
  494    26.0     18.572     2.420   -3.795   6861.9405356   -0.126227107    0.058696247    1.000000000       18.572        1.038        2.280
  495    26.0     29.709     4.560   -1.437   6862.4959733   -0.194568160    0.060915298    1.000000000       29.709        0.888        2.776
  496    26.0      7.418     4.560   -2.229   6864.3057860   -0.044860222    0.065964986    1.000000000        7.418        0.876        1.839
  497    26.1     80.143     3.230   -2.293   5197.5732869   -0.577154929    0.055396291    1.000000000       80.143        3.498        1.826
  498    26.1     40.858     2.890   -3.572   6432.6832716   -0.276247067    0.059005250    1.000000000       40.858        1.175        1.852
  499    26.1     30.413     3.150   -3.539   5991.3741520   -0.219496279    0.055276410    1.000000000       30.413        1.372        1.411
  500    26.1      5.068     5.550   -2.399   6442.9859300   -0.028623332    0.070637466    1.000000000        5.068        1.135        1.588
  501    26.1     56.857     3.250   -2.792   5534.8434328   -0.429943315    0.052757640    1.000000000       56.857        1.183        2.241
  502    26.1     12.370     3.270   -4.000   5525.1190008   -0.094598293    0.052165963    1.000000000       12.370        0.608        1.731
  503    26.1     86.424     2.860   -2.403   4508.2835602   -0.674428718    0.051121843    1.000000000       86.424        3.589        5.916
  504    26.1     42.956     3.890   -2.625   6416.9284390   -0.277906294    0.061664257    1.000000000       42.956        1.868        1.412
  505    26.1     20.027     2.890   -4.131   6369.4639657   -0.134059847    0.059597081    1.000000000       20.027        1.470        1.313
  506    26.1     25.312     2.810   -4.008   5132.6706571   -0.208610451    0.048405704    1.000000000       25.312        1.102        1.494
  507    26.1     74.811     2.810   -2.563   4520.2235432   -0.619448472    0.048180462    1.000000000       74.811        8.606        5.420
  508    26.1     52.617     3.890   -2.347   6247.5621471   -0.353532605    0.059375162    1.000000000       52.617        2.584        1.032
  509    26.1     63.893     2.890   -3.132   5284.1078666   -0.456908279    0.055787535    1.000000000       63.893        5.342        1.238
  510    26.1     48.328     3.230   -3.091   5264.8065989   -0.374204373    0.051522431    1.000000000       48.328        2.306        2.912
  511    26.1     20.779     2.890   -4.019   5256.9398121   -0.162132287    0.051128535    1.000000000       20.779        1.991        1.472
  512    26.1     51.412     2.830   -3.234   4620.5156774   -0.452831277    0.045294029    1.000000000       51.412        1.891        3.317
  513    26.1     85.106     3.220   -2.235   5234.6285501   -0.589763329    0.057569539    1.000000000       85.106        4.879        3.110
  514    26.1     54.460     2.860   -3.203   4534.1651116   -0.468981198    0.046326512    1.000000000       54.460        2.965        6.327
  515    26.1     62.071     3.900   -2.110   6456.3859187   -0.401110945    0.061735468    1.000000000       62.071        2.063        1.622
  516    26.1     32.444     3.890   -2.899   6407.2865910   -0.171921654    0.075286642    1.000000000       32.444        2.172        1.666
  517    26.1     19.920     3.200   -3.774   6084.1066588   -0.152049026    0.052264792    1.000000000       19.920        0.683        0.993
  518    26.1     59.730     2.840   -2.947   4576.3343712   -0.535368846    0.044509269    1.000000000       59.730        5.888        4.656
  519    26.1     34.835     3.890   -2.719   6149.2487734   -0.250411575    0.055498008    1.000000000       34.835        0.842        0.794
  520    26.1     62.850     2.860   -2.762   4541.5175235   -0.535562370    0.046817454    1.000000000       62.850        7.975        5.646
  521    26.1      4.835     6.720   -1.481   5427.8048733   -0.038696887    0.049844126    1.000000000        4.835        0.698        0.998
  522    26.1     57.484     2.890   -3.279   6516.0831022   -0.350780252    0.065376985    1.000000000       57.484        3.425        2.069
  523    26.1     27.448     2.580   -4.011   4670.1698260   -0.254631863    0.043003222    1.000000000       27.448        6.085        3.495
  524    26.1     11.382     3.220   -4.108   6113.3220212   -0.080547244    0.056375570    1.000000000       11.382        1.029        0.865
  525    26.1     36.821     2.890   -3.676   4656.9783451   -0.325448967    0.045135793    1.000000000       36.821        1.972        4.094
  526    26.1     41.175     3.200   -3.234   5425.2512204   -0.322874168    0.050875178    1.000000000       41.175        1.635        1.081
  527    26.1     43.887     3.890   -2.526   6238.3861539   -0.276294764    0.063368078    1.000000000       43.887        2.997        1.277
  528    26.1     12.097     3.890   -3.448   6239.9414795   -0.082804876    0.058282811    1.000000000       12.097        1.745        0.821
  529    26.1     29.526     3.220   -3.568   5414.0735134   -0.233331512    0.050481778    1.000000000       29.526        0.804        1.610
  530    27.0      8.697     4.150    0.040   5359.2004181   -0.075606129    0.045892584    1.000000000        8.697        0.494        1.206
  531    27.0     15.357     2.280   -1.594   5647.2369602   -0.108977504    0.056218591    1.000000000       15.357        0.732        1.256
  532    27.0     32.455     3.250   -0.080   4792.8563366   -0.297161854    0.043570800    1.000000000       32.455        1.201        1.166
  533    27.0     14.157     3.630   -0.279   4594.6325432   -0.108224365    0.052186227    1.000000000       14.157        2.431        6.716
  534    27.0     18.541     1.960   -1.822   6814.9478070   -0.110805075    0.066754983    1.000000000       18.541        1.030        1.325
  535    27.0     21.355     1.710   -1.950   5301.0421265   -0.164554145    0.051772254    1.000000000       21.355        1.228        3.359
  536    27.0     23.853     3.580    0.004   5352.0448991   -0.178399179    0.053339913    1.000000000       23.853        1.031        2.300
  537    27.0     31.135     4.020    0.606   5342.7033524   -0.247252711    0.050235831    1.000000000       31.135        1.459        2.763
  538    27.0     45.747     3.220    0.177   4813.4800508   -0.374855605    0.048685998    1.000000000       45.747        1.280        1.408
  539    28.0     24.313     3.660   -1.363   4811.9828395   -0.200305194    0.048424007    1.000000000       24.313        2.646        1.530
  540    28.0     21.718     4.090   -1.112   6204.6080848   -0.160730644    0.053904387    1.000000000       21.718        0.978        0.613
  541    28.0     44.995     1.990   -2.432   5435.8599514   -0.393150971    0.045658262    1.000000000       44.995        8.771        1.479
  542    28.0     28.553     4.110   -0.954   6223.9875983   -0.197896687    0.057560589    1.000000000       28.553        1.673        0.818
  543    28.0     22.108     4.110   -1.132   6230.0941470   -0.146414774    0.060237982    1.000000000       22.108        1.854        1.149
  544    28.0     14.519     4.150   -1.354   5392.3351760   -0.107015803    0.054123799    1.000000000       14.519        1.092        3.232
  545    28.0     20.442     3.710   -1.467   4512.9894157   -0.195610917    0.041691015    1.000000000       20.442        2.956        5.775
  546    28.0     49.517     4.090   -0.534   6175.3697193   -0.342136247    0.057737952    1.000000000       49.517        3.179        0.516
  547    28.0     25.696     4.240   -0.914   6598.6033352   -0.173322617    0.059144694    1.000000000       25.696        1.287        0.954
  548    28.0     31.771     3.830   -1.108   5094.4113758   -0.283447723    0.044716533    1.000000000       31.771        1.240        2.177
  549    28.0     48.847     3.630   -0.901   5010.9410768   -0.423436729    0.046021497    1.000000000       48.847        1.694        3.170
  550    28.0     18.532     3.630   -1.611   4995.6541513   -0.171040172    0.043224036    1.000000000       18.532        0.443        2.395
  551    28.0     20.983     4.150   -1.164   6322.1714576   -0.132609837    0.063126451    1.000000000       20.983        2.943        1.052
  552    28.0     38.489     1.680   -3.086   6327.6046170   -0.281588032    0.054529931    1.000000000       38.489        1.464        0.768
  553    28.0     37.919     1.680   -3.002   4976.3282798   -0.363747600    0.041588274    1.000000000       37.919        0.808        1.519
  554    28.0     33.012     3.610   -1.261   4952.2830430   -0.269408333    0.048885071    1.000000000       33.012        2.748        1.975
  555    28.0     28.202     3.800   -1.224   4946.0333910   -0.223931049    0.050243135    1.000000000       28.202        2.907        1.739
  556    28.0     25.239     1.680   -3.330   6007.3139330   -0.204309563    0.049282054    1.000000000       25.239        1.194        0.916
  557    28.0     78.259     1.830   -2.136   6767.7792788   -0.485729893    0.064276217    1.000000000       78.259        3.749        1.514
  558    28.0     20.021     4.240   -1.010   5996.7316694   -0.147756071    0.054055561    1.000000000       20.021        0.957        1.337
  559    28.0     32.424     4.150   -0.830   6378.2551301   -0.221584488    0.058375728    1.000000000       32.424        1.502        0.687
  560    28.0     43.010     4.270   -0.471   6086.2839418   -0.300691105    0.057063784    1.000000000       43.010        1.473        1.016
  561    28.0     22.593     1.680   -3.410   5847.0000752   -0.180281616    0.049994906    1.000000000       22.593        0.927        0.889
  562    28.0     41.691     4.170   -0.604   5805.2215054   -0.294666945    0.056444944    1.000000000       41.691        1.606        1.121
  563    28.0     25.969     4.420   -0.779   6635.1257559   -0.161697360    0.064071011    1.000000000       25.969        1.197        1.732
  564    28.0     48.525     3.660   -0.963   6772.3198108   -0.313549538    0.061740620    1.000000000       48.525        2.256        0.965
  565    28.0     64.907     1.680   -2.512   6108.1193986   -0.452791483    0.057188101    1.000000000       64.907        2.468        0.946
  566    28.0     34.034     4.090   -0.823   6111.0749264   -0.241907534    0.056127066    1.000000000       34.034        1.180        0.928
  567    28.0     69.429     1.940   -2.330   5754.6605171   -0.491552085    0.056348612    1.000000000       69.429        9.425        1.100
  568    28.0     10.577     4.270   -1.316   6119.7596424   -0.080376162    0.052498865    1.000000000       10.577        0.452        0.859
  569    28.0     28.659     1.680   -3.279   5748.3556537   -0.223905756    0.051062763    1.000000000       28.659        1.141        0.936
  570    28.0     42.559     4.090   -0.629   5694.9868026   -0.321743651    0.052771114    1.000000000       42.559        1.481        1.457
  571    28.0     55.147     4.100   -0.390   5682.2045874   -0.390418770    0.056350522    1.000000000       55.147        2.541        2.073
  572    28.0     25.479     1.680   -3.368   6128.9790112   -0.200505500    0.050694701    1.000000000       25.479        1.121        0.797
  573    28.0     21.311     4.270   -0.938   6130.1382583   -0.163603555    0.051967383    1.000000000       21.311        0.786        0.922
  574    28.0     16.077     4.160   -1.234   5643.0826474   -0.123184249    0.052066021    1.000000000       16.077        0.956        1.966
  575    28.0     26.914     4.110   -1.017   5641.8831109   -0.186211762    0.057661610    1.000000000       26.914        2.444        1.674
  576    28.0     11.173     3.900   -1.699   5638.7472285   -0.079230579    0.056259038    1.000000000       11.173        1.264        1.449
  577    28.0     17.021     4.090   -1.316   5628.3425965   -0.126105610    0.053847649    1.000000000       17.021        1.535        1.237
  578    28.0     56.810     3.740   -0.661   4913.9761436   -0.464434594    0.048799227    1.000000000       56.810        3.200        1.564
  579    28.0     41.805     4.090   -0.731   5625.3196692   -0.309288489    0.053922831    1.000000000       41.805        3.119        1.861
  580    28.0     29.982     3.900   -1.148   5589.3589794   -0.224033450    0.053389486    1.000000000       29.982        1.993        3.061
  581    28.0     59.330     1.930   -2.479   5587.8624818   -0.443932093    0.053316831    1.000000000       59.330        3.406        3.927
  582    28.0     57.496     1.680   -2.650   5578.7222387   -0.436264701    0.052577583    1.000000000       57.496        2.639        2.491
  583    28.0     19.270     3.600   -1.670   4814.6004254   -0.161280519    0.047666953    1.000000000       19.270        1.555        1.471
  584    28.0     27.207     3.660   -1.496   6842.0407815   -0.171294551    0.063363686    1.000000000       27.207        2.335        2.000
  585    28.0     64.625     4.090   -0.266   6176.8152845   -0.411032122    0.062723811    1.000000000       64.625        3.329        0.651
  586    28.0     15.524     1.830   -3.538   6177.2468826   -0.116819684    0.053013551    1.000000000       15.524        1.016        0.537
  587    28.0     32.447     4.110   -0.888   6186.7160998   -0.219128724    0.059071919    1.000000000       32.447        1.894        0.627
