           3
 Sunsky_NewMix_neu_hgh
 Sunsky_NewMix_neu_med
 Sunsky_NewMix_neu_low
           5           5           5
  0.11107183000000000        3.1840032500000000        1.6475375400000001        1.7071841222222219     
  0.10947257900000000        3.7714918800000001        1.9404822295000002        2.0344551672222222     
  0.25199508700000001        4.9295141999999998        2.5907546435000000        2.5986217294444445     
   328428137.21340293        5842456271.4450493        1737354177.8885653        1024434145.5149908       -375571201.77614766       -172630522.17947635     
  -35198178.394137301        7041747426.7013865        475476610.81985402        906980810.41686738        180581676.55793262        242227826.29726312     
   1198765268.1483653        7744102783.3968658        3025865432.8133836        1542192719.3452415       -331255684.72031271       -162726404.27118903     
  -356068666.10625333        955375734.77752900       -233207150.52556872        28957722.478586491        73352157.043206811        51682435.216749430     
   346531617.19439942        1214033727.6762903        673736218.70574629        225815493.85542676       -59398411.768979825       -14580359.195912099     
   139972.83830055158        7447044.3290052768        3653953.2267512153        29658512.231791258        9436401.1063449904        989308.31226637017     
   778461892.96709561       -6796525168.7830648        344807996.89435303       -985895761.04131532       -98851772.815283969       -265948343.56048471     
  -2390760173.0290804       -21462506141.374836       -6849635144.0903425       -4370751871.8753366        1008523885.1324017        472867995.88279164     
   2082830364.7528317       -4866002854.8304386        1775256100.7014861       -360717976.23682737       -17978648.578523431       -224328442.62051681     
  -1701479294.8856881       -8077243183.8487501       -3368774242.1420903       -1768967802.6779706        236051959.07803458        112456995.55115381     
   582565382.08268142       -47828410.207504019        512245766.11963099       -24053012.675935220       -77406642.157919377       -17833934.084466007     
  -59172180.201569602       -375581865.61969471       -184725669.43184447       -36890716.560349442        10499430.411227176        1814389.5093463815     
   2350564998.9597425        9126189750.5680370        4022705668.2010398        2034964044.3638785       -245530324.45292196       -190137171.13351840     
  -2995314844.8039837        1196259216.1645408       -2768884649.5466890       -231607286.14496520       -59104260.764842071        246493292.13808241     
   3756718245.5552683        11759736192.004955        5880896163.5790281        2799291374.8383288       -148782657.74870077       -172714254.25363675     
  -1627619626.4339609       -1646867143.7561333       -1598656515.5299556       -425015400.09664220        13791611.991712119        47915450.576687977     
   739140787.61850405        1724948317.6633284        1078479895.1273499        382538370.02562439       -32954642.743660673       -12561115.244859099     
  -135271811.77123034       -262724902.15312383       -137445628.72629228       -5347093.4354596501        5701166.6433280669        714070.71721811581     
   1398195408.6751769        1156165186.8133805        1416722332.4100659        228522026.03852731        57705213.759116597       -72350466.433739245     
  -3810354324.5814962       -9631063940.0602036       -5084613354.5922470       -2485625661.5936770        55401123.439155281        139576308.17279860     
   2182985075.1135345        2710620382.6476712        2285178043.9511514        551993409.19947553        98676466.621258691       -52377062.465161771     
  -1413563639.5042999       -3147253341.1240931       -1786783058.2214472       -830392774.38098896        4267432.7952396218        28385690.451142348     
   461599709.83335555        736532332.94981027        464961567.74392301        64130551.832854487       -20611618.732422121       -2938330.8720449125     
  -21198906.107049361       -43422653.666065387       -20038098.258616317        2760493.8156794086        817209.56610306597       -91773.456463178882     
   800811667.88103020        1982918677.3568935        981299351.77310252        517119348.96883881        2187657.2178637595       -31197380.639642589     
  -1232449674.0021288       -1380273845.7447314       -1265471392.2660160       -207104611.47142205       -23932677.393646114        29910136.702592861     
   984158545.98753726        2279876340.6989284        1185548280.8193395        603617705.99832475        26609649.354920592       -25691984.629980676     
  -466193784.04119962       -689158241.64758074       -463402631.66580415       -95193355.764545664        20413267.857407078        3762261.6239499841     
   38562608.066479638        79032694.196485400        37206088.396000646       -1901655.0349613342       -2091079.7401604301        260730.34090832775     
  -1656218.9964540133       -770182.45991935616       -727435.75303612999        308536.31311882555       -53184.074379099169        2378.2845498880311     
   86964345.622257918        115476477.95542380        75290476.150650486        8373049.0431030802       -12466254.975104213       -4066395.4514975976     
  -245981191.43359247       -501513158.82651854       -288050163.34829080       -121145800.22592308       -11489191.867959784        9161902.7262471020     
   133985484.98237872        223872371.68920800        129658168.27925597        39065693.794269234       -8041938.5654556593       -1451712.2157667961     
  -19744026.641088486       -28849356.368999511       -18724659.745975029        1188213.5217327636        1149740.3893901887       -184960.77293167211     
   644307.54262297961        1418913.2556749145        36401.712157234149       -323679.58500945917        78134.102139021750       -18757.024507752540     
  -49401.172135487868        103765.79224777469        51802.394314471283       -4894.2645932660016        14890.784001592665        695.72369636677365     
  -3543211.0065134671       -5843049.0896347109       -561884.05763109494        2737898.1867420948        859570.14071935136        171511.60477396427     
   14516281.678253053        19245439.143738616        5173620.0439346042       -1433639.0383067767       -2430197.2101338925       -237868.54984351218     
  -2596919.3938782015       -4250787.2535043312        1147723.8321437323        3927002.2863966343        1131518.9469213353        195333.59206050195     
   3426894.5421914468        3867870.9208535627        385462.40316401853       -1031898.3096550439       -763747.40718362178       -62995.654216377188     
   9608.9334546757564       -14653.278709236425        636884.61441479495        749976.91693961760        145614.14396542290        14673.315601753942     
   131588.71455453496        155472.18857444351       -53812.180415597213       -53447.554916987247       -17236.078833351166       -781.00697680802000     
  -13614164.013726020       -18734045.903739534       -4659822.9393455647        1406161.2803556344        2458191.0108271018        233034.94778563106     
   8294955.1236302778        12174410.629044879       -1252066.3162040545       -9698640.5578559488       -2868232.2520124903       -541174.33106987423     
  -12933647.426152216       -16316481.400452325       -2549898.2932570693        3056094.7434528777        2942278.6290128403        288677.25496279896     
   440489.75764937035        362064.41847799445       -2976229.1175434678       -3958324.5835105432       -1016075.4689001330       -129413.61870599061     
  -1134029.6908833052       -947674.83398132864        361430.05127289618        778672.15802824276        325009.18009405129        21901.098139654681     
  -89462.616599991845       -65405.676005101239       -294918.67168744543       -184946.43813675831       -26444.097792036508       -2328.6178236997084     
  -1782688.9524294704       -1962561.5097472728        1847946.9128538505        4116026.9996740920        1178299.8885780440        206864.01946573186     
   10678951.942467123        13726708.236510804        1314160.1077139468       -3149848.7004395733       -3040416.5184662053       -301216.38698046317     
  -89816.553440553689        913932.98264087434        4382748.8677853215        5555690.2099878006        1499638.2338188000        230986.32749962489     
   1488472.7882820943        886077.17116147419       -1187597.2837823736       -1667302.6713976364       -889446.17331316345       -75713.009606389503     
   490499.18755253643        843936.96077220340        1168187.1133898529        898644.72267941036        170036.99116084803        16650.476933650658     
  -97319.400346478593       -190530.77576351017       -166939.73555687134       -78222.626633090738       -17171.100821111042       -883.19237220773141     
  -1619320.3299238710       -2242681.2280034088        669634.47291681950        1024745.3687537268        868534.16582814406        82426.721943943499     
  -646480.07766606775       -2925403.7820909680       -3661842.9838897898       -4377532.8952587061       -1124299.7419362883       -176995.27414052255     
  -566577.84205572505       -234576.25233308488        1836939.8742715169        1620139.7175926790        978791.16199597146        98602.827311148052     
  -855806.26468136813       -1893750.4948304822       -1764403.1135389761       -1456855.9862551412       -333297.19453711412       -37060.422465115313     
   314152.82625984086        598524.96362598403        498768.53104495158        264305.27539954922        67760.880580347904        5779.6861883527408     
  -21440.518978423523       -24459.715346318873       -33027.825210650211       -11048.438641943418       -3662.5208562344819       -694.47175011767206     
   290868.15529631265        1025328.5215267461        793287.27410939918        851460.88060081087        212506.15884579407        28734.920995487362     
  -81255.876329701190       -33240.139154073811       -1112441.4898786482       -723672.14955641900       -453737.19611152844       -47724.662411370322     
   593736.36611160729        1521671.2576444768        1144359.1945183096        986350.08243981155        245033.86111911459        30080.329762223606     
  -333196.24194291671       -588412.90931209782       -507414.16370238271       -270022.37905824394       -82712.632165018906       -9032.3218965234519     
   38406.872354237734        59770.469755879167        58817.259789597083        27559.083624103452        7968.4381052792287        1944.6426963052838     
  -1092.9364776654556       -962.34273750412922       -1994.1619633025864       -206.29461235739859       -184.15174923199339        68.358833938467370     
   20791.178809916837        970.38556557443519        101196.90071961722        56525.898634131641        33486.129785567224        3036.6349648586806     
  -142039.40988704562       -397805.96492446843       -265255.59674346121       -234515.75635027362       -59940.717351333195       -7123.0240720812562     
   113561.32132544006        184919.38010650285        169860.31668450517        86924.332348298412        31320.741078207509        3863.4660569139519     
  -16611.298675633960       -34803.651413674597       -25464.499797867327       -16660.295535518191       -3926.7360067371837       -1531.6613689428420     
   1686.3748636637661        95.220134279271477        2817.7521572556075       -151.94888768858888        569.33480382210951       -120.41564076500866     
   113.47528882984240       -244.12676680386238        154.91258790973697       -123.57302259183882        38.100799273778122       0.29989435455186447     
